# thingid,tf_morpho,RA,Dec,logms_pca_bc03,z
36373501,stream,30.536081,-6.821022,11.197297659906326,0.08672
36672745,stream,35.063764,-6.868264999999999,11.744781300047181,0.30098
36867751,stream,35.57965,-6.8103130000000025,11.605011969062614,0.14004
37890758,stream,35.617274,-6.571396000000001,11.339728668055615,0.15396
38339122,shell,33.607401,-6.461172,12.023470945874578,0.23655
38453134,shell,30.575676,-6.537419,11.562783801637124,0.30997
38524783,stream,30.822642,-6.3700160000000015,10.96279593266081,0.05189
38654293,stream,31.257711,-6.372758,11.391753123141825,0.18854
39206835,stream,33.087588000000004,-6.32453,11.09665859953384,0.1398
39749908,stream,31.433005,-6.16711,11.531616801017664,0.22693
40000992,stream,32.313111,-6.149362,10.459888614343072,0.13881
40001007,stream,32.266268,-6.195109,11.343072542687874,0.10745
40168220,stream,36.155739,-6.177059,11.440106237438158,0.25903000000000004
40216897,stream,36.289192,-6.073777,10.474852483021095,0.05122
40334258,stream,33.274901,-6.150333,11.583391106250927,0.13942000000000002
40514858,stream,30.354476,-6.092467,11.303988739498893,0.16618
40646158,stream,34.317071,-6.066261,11.232854069967287,0.10173
40783600,shell,34.787871,-5.910467,11.368701681654784,0.14895999999999998
41095405,stream,35.70689,-6.025213,11.638342705729885,0.31041
41235486,shell,32.851158,-5.841469,11.732102404814215,0.29738000000000003
41339657,stream,36.443647,-5.862521,11.446078684559323,0.23065
41451925,shell,33.610786,-5.872878,11.534422517579515,0.20599
41596708,stream,30.583759000000004,-5.871497,11.55238591961097,0.23642
41676115,stream,37.481565,-5.722105,11.80020691466052,0.35714
41724329,shell,34.537014,-5.806712,11.266199826786758,0.19817
41993103,shell,35.484971,-5.758787,11.843035920755938,0.25906
42279495,stream,36.250327,-5.693213,11.621788676944561,0.34085
42677347,stream,37.400908,-5.561667,11.326727891791961,0.24026
42718193,stream,37.522849,-5.683184,11.441508180214438,0.19295
42854964,shell,33.093686,-5.598939,11.691719184949761,0.30139
42855143,shell,33.112449,-5.626558,11.945312102005119,0.29991
43113926,shell,34.33595,-5.429814,11.342188123031518,0.12749000000000002
43131407,stream,34.479814000000005,-5.4480660000000025,11.730382699926851,0.24939
43232572,stream,34.901708,-5.522313,11.007221654988825,0.08421000000000001
43232727,stream,34.945848,-5.5836760000000005,11.360127065170673,0.1664
43280115,stream,36.209603,-5.489699,11.769542188441848,0.33276999999999995
43437386,shell,36.556648,-5.446129,11.995359422144249,0.24447
43783435,stream,32.740781,-5.283428,10.763085436658,0.13742
43828934,stream,37.714579,-5.452298000000001,11.571922499570064,0.28597
43983051,shell,33.801082,-5.422137,11.26681507524336,0.12775
44250785,shell,34.971022,-5.306665,10.561810726387193,0.07322000000000001
44436572,stream,35.819113,-5.208317,11.800644546747208,0.33027
44724681,stream,32.291039000000005,-5.158931,11.512355439481325,0.13929
44732658,stream,33.495106,-5.186262,11.583628832289829,0.35451
45213196,shell,34.801869,-5.083825,11.673170450550973,0.19601
45523517,stream,36.18496500000001,-5.0818970000000006,11.023206059864604,0.08565
45523550,stream,36.296028,-4.909313,11.544325737573672,0.23789
45581110,stream,36.518867,-4.992736,10.958717226152661,0.05409
45638082,shell,36.785813,-5.074324,10.750272496894468,0.14925
45638094,shell,36.813286,-5.075667,11.612344856082927,0.14309000000000002
45782869,stream,37.633348,-4.989596,11.531906710821204,0.29139
46109332,shell,33.138627,-4.809054,11.475782374909613,0.18048
46109535,stream,31.781216,-4.926928,11.286482879862888,0.2431
46273066,stream,35.126914,-4.867442,10.799408889914048,0.3176
46462705,stream,36.246794,-4.79289,11.11634713721287,0.32726
46597279,shell,37.018688,-4.849895,11.682748460123547,0.29408
46718250,stream,32.827480300000005,-4.7172839999999985,8.167752160297368,0.0875
46845394,stream,38.143518,-4.760926,11.587540783628356,0.18901
46888181,shell,33.689876,-4.652993,11.339475683605995,0.1609
46903246,stream,38.53621,-4.778582,11.75344777216378,0.25287
46907921,stream,33.799776,-4.6745,11.605348569602938,0.29142
47256139,stream,35.56480999999999,-4.531833,11.349298271117732,0.20046
47406793,shell,32.708805,-4.649613,11.461230955435893,0.12992
47410531,stream,31.618379,-4.68626,11.449544479968607,0.13635999999999998
47628323,shell,32.994941,-4.6239940000000015,11.647433489968536,0.27071
48085442,shell,33.639258,-4.4865309999999985,11.662896962618106,0.14021
48085525,stream,33.626232,-4.465244,11.38737344526453,0.14076
48133155,stream,35.40055200000001,-4.420076,8.078440035177664,0.0695
48184017,stream,35.74159500000001,-4.311376,11.545663658820558,0.23757
48269708,stream,36.151385,-4.384983,11.528110418235883,0.26396
48420798,shell,37.072666,-4.2714349999999985,11.862388361638295,0.2094
48468464,stream,32.396276,-4.262524,11.720411158225033,0.2994
48973165,stream,30.423733,-4.243308,11.681830514135072,0.34861
49084122,shell,36.121317,-4.165344,11.555799388850572,0.2644
49272874,shell,37.122084,-4.14657,11.50864106003428,0.20996
49278559,stream,32.697102,-4.188598000000002,11.469495915109293,0.15839
49304999,stream,37.247562,-4.179242,11.672135930304648,0.36851
49733481,stream,35.067785,-4.078043,11.156336891988756,0.13994
49836358,stream,35.66077100000001,-3.941557,11.252105947525706,0.15052
49868448,shell,30.558567,-3.988626,11.492257387246356,0.21654
50102057,shell,32.118904,-4.01215,10.563313751510575,0.05704
50126085,stream,37.250001,-3.989514,11.28736603667494,0.20822
50203676,stream,32.984648,-3.825208,11.100850084956619,0.0949
50355319,stream,34.109494,-3.929414,11.511551282892473,0.25202
50432879,stream,32.394054,-3.841772,11.716670533060094,0.29894
50440270,stream,33.470345,-3.870268,10.161613882861277,0.13959000000000002
50511968,stream,34.886388000000004,-3.715443,10.77040982304607,0.17797000000000002
50656702,stream,35.689229,-3.862931,11.092484508699274,0.08476
50900478,stream,32.418344,-3.659286,11.454412523322391,0.26588
50946846,shell,37.559158,-3.723848,11.972759539610704,0.32624000000000003
50975516,stream,37.662526,-3.683244,11.580280526643035,0.31902
51000151,shell,37.873226,-3.62631,11.58871903810359,0.32035
51065207,shell,33.69701,-3.699995,10.639740747981703,0.05694
51175866,shell,33.965627000000005,-3.64478,11.721285812032876,0.35528000000000004
51303394,stream,34.363373,-3.659067,11.600936447561253,0.29077
52019602,shell,37.725606,-3.519092,11.41945607654634,0.18833
52108138,stream,38.312164,-3.366968,11.457020185713189,0.27326
52468948,stream,30.809554,-3.5104370000000005,11.563703927677127,0.29207
52749730,stream,33.246832,-3.325456,11.639725794026162,0.28412
52793291,stream,33.672853,-3.4026970000000003,11.377642805164216,0.14115999999999998
53014423,stream,35.601973,-3.241606,11.79845432373986,0.34956
53092510,stream,32.404528000000006,-3.258405,11.353470119531266,0.16737
53126256,stream,37.311978,-3.379452,11.533722461696017,0.19208
53185947,stream,37.286251,-3.312967,10.735402040882036,0.0636
53326420,stream,32.757432,-3.190966,11.865829743590439,0.24231
53598632,stream,30.144092,-3.199385,11.646946723456495,0.17740999999999998
53740353,shell,31.273047,-3.152788,11.793319563366824,0.28729
53799381,shell,31.736649,-3.164899,11.224131030961873,0.12209
54060645,stream,33.81078,-3.0308080000000004,10.821885787736392,0.0682
54098306,stream,36.137351,-3.045634,11.350128063058946,0.29761
54284286,stream,35.573939,-3.013994,10.839176618756028,0.06851
54341326,stream,33.458229,-3.084697,11.609190027083967,0.27894
54596599,stream,38.280946,-3.057375,11.412475658813493,0.21021
60558308,stream,182.43181,-2.083211,11.420925873199996,0.09993
60628325,shell,219.14652,-2.08218,11.784185873199997,0.13338
61372363,stream,213.40699,-2.029796,11.884750094206538,0.29265
61537008,stream,215.2253571,-1.967018,10.901355873199996,0.10181
61664664,stream,216.03935,-2.043814,10.4593358732,0.08215
61746970,shell,216.71456,-2.060397,11.470855873199996,0.19021
61886715,stream,213.16387000000003,-2.041958,11.317785873199997,0.07374
61955923,shell,218.18436,-2.088829,10.606845873200001,0.056379999999999986
62006459,stream,218.4806061,-1.88808,11.412235873199997,0.20724
62072753,stream,218.78609,-2.061794,9.615182873199998,0.05093
62123687,stream,181.9729156,-1.915362,11.7092758732,0.32322
62125873,shell,218.91282,-2.031327,10.769005873199998,0.168
62163213,stream,219.05059,-2.018217,9.812246527377283,0.05449
62163214,stream,219.05806,-2.016753,9.935849553265145,0.05451
62181909,stream,180.08216000000004,-2.018789,9.613435873199998,0.10788
62194900,shell,179.77923,-2.051708,10.985295873199997,0.12673
62236976,stream,178.74941,-2.0371490000000003,10.883715873199996,0.07741
62249030,stream,178.61127,-2.004316,11.472595873199998,0.22499
62258265,stream,178.19871519999995,-1.921102,11.594565873199999,0.16565
62300485,stream,177.2011871,-1.884388,11.5015058732,0.09417
62308231,stream,177.06884,-1.881569,10.728169819689354,0.24203
62421056,stream,220.3409576,-1.840478,11.212195873199999,0.18168
62954294,shell,214.3690338,-1.894952,10.962725873199997,0.12812
63095797,stream,215.4936523,-1.825999,11.481025873199997,0.27736
63173677,stream,216.1449432,-1.7378619999999998,10.5872958732,0.10345
63188256,stream,214.4632874,-1.7470689999999998,10.019703873200001,0.05467
63188702,stream,216.29218,-1.803703,10.078651873199998,0.05492
63376177,stream,217.5305481,-1.838477,9.678245873199998,0.05554
63376205,stream,217.5686646,-1.756989,10.5237158732,0.05594
63376213,stream,217.5787964,-1.787699,10.871295873199998,0.05618
63376223,stream,217.6016541,-1.766908,10.735675873199998,0.05646
63530114,shell,218.6695557,-1.71118,11.6345758732,0.28423000000000004
63646338,shell,181.68991090000003,-1.85499,11.527725873199996,0.16315
63704845,stream,180.0384521,-1.805169,11.418295873199996,0.16672
63772774,stream,178.3075409,-1.781122,11.0347758732,0.13158
63780069,stream,178.29347230000005,-1.755609,11.642019547696693,0.22257
63815031,stream,177.47663880000005,-1.6435990000000005,10.8659958732,0.08311
63815032,stream,177.47677,-1.639403,10.6508258732,0.08294
63827217,stream,219.6999207,-1.810591,10.978595873199996,0.13388
63882215,stream,215.8463135,-1.723111,11.218435873199999,0.09209
64474270,shell,214.3178864,-1.589232,11.5665858732,0.07721
64512275,shell,214.5184326,-1.549549,11.563375873199996,0.26691
64512826,stream,214.6324463,-1.6841810000000002,10.865735873199997,0.11999
64649128,stream,215.4253235,-1.6873490000000002,11.513205873199999,0.10143
64702860,stream,215.9758148,-1.605448,11.190335873199999,0.12767
64725091,stream,216.0686798,-1.627199,10.981835873199996,0.09277
64785584,shell,216.5201874,-1.538941,10.443205873199998,0.0548
64802000,stream,216.63218,-1.690907,11.355568861414213,0.08242999999999999
64802605,stream,216.6356659,-1.58867,11.0425658732,0.13942000000000002
64856814,stream,217.096283,-1.53664,10.397945873199998,0.0563
64917374,stream,217.6144714,-1.577402,10.434505873200001,0.07681
64971129,stream,217.8560944,-1.47254,10.539395873199998,0.09156
65019931,stream,218.1162415,-1.5521,9.908642873199998,0.05679
65177338,stream,218.8714142,-1.4857790000000002,11.233375873199996,0.1794
65215906,stream,180.8058929,-1.518609,11.070385873199998,0.08204
65261008,stream,219.2237396,-1.528356,11.212124530575236,0.12137
65297094,stream,178.8630676,-1.603049,11.353155873199999,0.15008
65308841,shell,178.4807739,-1.466661,11.109035873199996,0.07693
65358913,stream,219.6485138,-1.486542,11.206545873199996,0.13624
65364640,stream,177.3189545,-1.536409,10.294435873199998,0.08245
65451335,stream,220.0659027,-1.508748,10.904135873199998,0.1145
65734072,stream,214.71891780000004,-1.5196889999999998,11.4497058732,0.1873
65734129,stream,214.6600037,-1.475702,11.237865873199999,0.10249
65734134,stream,214.6585846,-1.499108,9.694046873199998,0.05474
66261944,stream,216.56604,-1.3000120000000002,11.0252958732,0.09979
66311863,shell,216.8988342,-1.372611,10.323815873200001,0.05541
66535653,stream,218.4831238,-1.32285,11.501465873199999,0.16899
66604789,shell,218.8196716,-1.387728,11.499085873199999,0.13092
66658971,shell,181.9253235,-1.388821,11.388655873199998,0.15568
66659007,stream,182.0047607,-1.298092,11.5800058732,0.18073
66691941,stream,180.9373322,-1.380409,11.271105873199996,0.08229
66706443,stream,180.4123077,-1.291931,11.330175873199996,0.17891
66706939,stream,180.5437317,-1.385052,10.882485873199997,0.099
66734977,shell,179.7591858,-1.313052,11.4085558732,0.08121
66759519,stream,178.90049,-1.4013790000000002,10.828395873199996,0.07606
66759555,stream,179.0449524,-1.266798,11.153085873199997,0.12716
66814891,stream,177.6383362,-1.354538,11.3975258732,0.16025
66824617,stream,219.6150055,-1.292652,10.410695873199998,0.12269
66876235,shell,220.0042572,-1.301408,11.054285873199998,0.11525
66899235,stream,220.1219025,-1.325148,11.416665873199998,0.13764
66914642,stream,213.6785889,-1.310352,10.136509873199998,0.10352
66928690,shell,220.2304077,-1.410082,11.570035873199997,0.10675
67291907,stream,214.1663666,-1.262564,11.777583754330408,0.29973
67307240,stream,214.3160248,-1.28295,11.123325873199999,0.13774
67320934,stream,214.462204,-1.250252,10.680215873199998,0.12105
67475901,stream,216.3190613,-1.131261,10.3248158732,0.08452
68550958,stream,213.0365906,-1.14478,11.304005873199998,0.1818
68608669,shell,213.8015442,-1.12855,11.380325873199999,0.07683999999999999
68642447,stream,217.9098816,-1.246792,11.308896383561661,0.1945
68833689,stream,215.9957886,-1.075112,11.545105873199999,0.17695999999999998
68857298,stream,216.28089900000003,-1.04698,11.135845395154321,0.10376
69175415,stream,218.4056396,-1.085811,10.762005873199996,0.0813
69270731,shell,219.2404175,-1.066781,10.732725873199998,0.07224
69294076,stream,219.243576,-1.058518,10.373625873199998,0.07213
69294116,stream,219.24907,-1.066031,11.591658113175075,0.29363
69738885,stream,181.6672211,-1.123358,11.069775873199998,0.08237
69742719,stream,181.1889648,-1.074042,11.5209358732,0.1776
69754833,stream,179.67073059999996,-1.06674,11.844605873199999,0.13116
69755845,stream,179.5415955,-1.076368,11.454005873199996,0.12120999999999996
69759014,stream,179.144104,-1.075364,9.7325298732,0.08585
69768484,stream,178.15858459999995,-1.224292,11.502105873199996,0.28483
69770936,stream,177.6966553,-1.103611,11.494215873199996,0.16955
70147594,stream,332.92477,-1.050422,10.697855873199998,0.18272
70156507,stream,333.85739,-1.258927,11.689895873199998,0.263
70161480,shell,334.4140700000001,-1.118,11.204745873199997,0.09833
70167117,stream,335.28603,-1.097379,11.237015873199999,0.09984
70168283,stream,335.48203,-1.05535,10.966325873199999,0.10725
70169061,stream,335.50456,-1.167889,11.7803658732,0.10044
70520682,shell,218.0134277,-1.167687,10.545365873199998,0.05473
70892924,stream,214.1989746,-1.070569,11.350545873199996,0.12507
70912185,stream,218.83992,-1.027409,11.555145873199999,0.25716
72121009,stream,177.2065125,-0.994621,11.460705873199997,0.15914
72479400,stream,213.8195038,-0.99219,10.6594158732,0.0808
72479482,shell,213.9203949,-0.8606719999999999,11.049945873199999,0.13856
72479483,stream,213.9186707,-0.8626389999999999,11.321455873199996,0.13932999999999998
72479774,shell,213.9442444,-0.991778,11.905745873199999,0.14923
72479933,shell,213.8397064,-1.002011,11.477055873199998,0.14889000000000002
74277699,stream,177.8348541,-0.974118,11.475225873199998,0.1062
74287148,stream,177.89011000000005,-1.016351,11.46279349119868,0.3443
74355953,stream,179.5549469,-1.046842,11.372205873199999,0.12092
74522792,stream,181.2010651,-0.962912,10.933735873199996,0.08234
74536792,stream,181.4705811,-0.91079,10.2381858732,0.08362
74597002,stream,181.9792938,-1.00074,11.011395873199996,0.11167
74622502,stream,182.2537384,-1.00132,-9998.840814126801,0.36076
74979360,stream,138.8115082,-0.849311,10.578535873199998,0.10307
75338336,stream,334.90006,-1.001235,10.3769858732,0.05682
75344597,stream,334.1683,-0.965893,10.086912873200001,0.07681
75344598,stream,334.1681200000001,-0.96763,10.6493258732,0.07733999999999999
75345536,stream,334.30594,-0.976814,11.2271058732,0.15103
75351283,stream,333.54459,-0.935348,10.861085873199999,0.22189
75359475,stream,332.98732,-1.035758,10.8885658732,0.09276
75994283,stream,214.99922180000004,-0.990452,11.211595873199999,0.08396
75998051,stream,215.8444519,-0.931979,9.965363873199998,0.05456
76007299,shell,216.2546082,-1.0360200000000002,11.396625873199996,0.17192000000000002
76036364,stream,217.5584259,-0.8428559999999999,11.253506364460918,0.10425
76054926,stream,219.763443,-0.984062,11.325365873199999,0.14454
78258713,stream,213.2263641,-0.758288,10.976705873199997,0.11881
78305488,stream,213.8186951,-0.66128,11.344915873199996,0.13697
78316059,shell,213.8872528,-0.747728,11.484505873199996,0.12548
78512551,shell,215.944519,-0.6641090000000001,11.078065873199996,0.05256
78538948,stream,216.1106567,-0.684689,11.415015873199996,0.17545
78539192,stream,216.223999,-0.692959,11.1934658732,0.13660999999999998
78564447,stream,216.427475,-0.7983979999999999,10.675715873199998,0.1038
78646223,stream,217.2937,-0.667326,11.608835873199999,0.21816
78871547,stream,218.0690918,-0.67143,11.521970433765093,0.22116
78871548,stream,218.0684662,-0.6723979999999999,11.728090777352918,0.21946
79004172,stream,218.94017030000003,-0.827217,11.468429606524296,0.21653000000000008
79004492,stream,218.812973,-0.730329,11.612455326976487,0.25509
79171668,stream,220.337677,-0.759549,10.913615873199998,0.07991000000000001
79179227,stream,220.5109863,-0.735808,10.908155873199997,0.10839
79530841,stream,180.1791382,-0.644829,-9998.840814126801,0.37978
79548983,stream,178.1890564,-0.736408,11.200165873199998,0.11995
79904867,shell,333.29355,-0.64569,11.248995873199997,0.18212
79912616,shell,334.29501,-0.8357690000000001,11.212055873199999,0.10194
79916110,stream,334.64121,-0.6879970000000001,10.949465873199998,0.11413
79918229,stream,334.8819,-0.7009770000000001,10.9154058732,0.09767
79922969,stream,335.39557,-0.813649,11.424995873199999,0.14781
80067647,stream,136.1618195,-0.663331,11.573966918920634,0.31374
80091760,stream,137.96356200000002,-0.755099,11.462475873199999,0.21188
80095905,shell,138.286972,-0.663141,11.8135358732,0.16114
80098634,shell,138.4685364,-0.8423290000000001,11.815405873199998,0.29257
80116030,stream,139.96208190000002,-0.775899,11.441153269581266,0.21485
80805299,stream,177.1368103,-0.73585,11.260465873199998,0.15341
80808583,stream,215.039856,-0.673488,10.571075873199998,0.10144
82226193,shell,214.1191559,-0.50516,11.017865873199996,0.12863
82226204,stream,214.1517944,-0.499998,11.219165873199996,0.18177
82226500,stream,214.0096893,-0.50184,11.545065873199999,0.18403
82229189,stream,214.7138824,-0.56194,11.189795873199998,0.13879
82229190,stream,214.714447,-0.564429,11.015185873199997,0.13796
84016621,shell,333.61984,-0.5790930000000001,11.204565873199996,0.09316
84023541,stream,334.1272600000001,-0.574393,10.638415873199998,0.11147
84283335,stream,177.57801819999997,-0.608689,11.5265158732,0.13851
84336605,stream,178.4056396,-0.60091,11.070495873199999,0.12609
84423688,stream,179.68928530000005,-0.454369,10.816925873199999,0.09488
84459661,stream,179.85926819999997,-0.432088,10.638885873199998,0.08296
84680413,shell,182.1842651,-0.54084,11.614755873199996,0.06262000000000001
84693854,stream,182.2433472,-0.602688,10.792115873199997,0.10008
85407635,stream,136.72554019999998,-0.500499,11.087385873199999,0.17228
85432550,shell,136.3679199,-0.5747720000000001,11.439905873199999,0.18429
85692744,stream,130.7922668,-0.429082,11.221875873199997,0.15552
86098765,stream,214.3890686,-0.485077,10.940406522960984,0.08366
86098768,stream,214.3835907,-0.484892,10.7656758732,0.08221
86101855,stream,214.9896851,-0.480308,11.267345873199996,0.13862
86101987,stream,215.0024872,-0.545622,11.432055873199998,0.13919
86102871,shell,215.0835571,-0.583911,11.823215873199999,0.32037
86105068,shell,215.3221893,-0.61737,11.151345873199999,0.13831
86106140,shell,215.4959564,-0.590349,10.647475873199998,0.05109
86111147,stream,215.834137,-0.4176470000000001,11.374863638237002,0.19084
86139887,stream,216.6952667,-0.509301,11.521745873199999,0.25313
86142788,stream,216.8183746,-0.49271,11.759225873199997,0.32039
86143224,stream,216.9206238,-0.472538,11.429025873199999,0.13616
86143447,stream,216.8834534,-0.607258,9.8936478732,0.07331
86145598,stream,216.97916,-0.562515,10.927535873199997,0.07916000000000001
86152144,stream,217.4217529,-0.530018,10.752105873199996,0.0856
86166869,stream,218.87205,-0.537401,11.662737664810267,0.29062
86169307,stream,219.10011,-0.585603,8.226695233784994,0.08225
86173007,shell,219.6317139,-0.599412,10.746655873199996,0.07337
86174364,shell,219.7867126,-0.536381,11.434915873199998,0.11506
86180598,shell,220.4402771,-0.470612,11.467835873199999,0.14861
86603890,stream,134.5888977,-0.549618,11.347295873199997,0.1892
86845936,stream,213.734726,-0.359082,11.048865873199999,0.13806
86846802,stream,213.7745056,-0.428021,11.124965873199999,0.14645999999999998
88306779,stream,335.4881,-0.282978,10.222575873199998,0.14855
88309977,stream,335.1192200000001,-0.376435,10.964465873199996,0.1456
88313502,stream,334.8172,-0.2989,10.6423758732,0.13130999999999998
88315374,stream,334.66636,-0.400523,11.003835873199996,0.09478
88320998,stream,213.208725,-0.29582,11.723795873199997,0.13813
88326576,stream,333.83478,-0.368377,11.0173658732,0.11097
88353404,stream,213.4873657,-0.308052,10.593125873199998,0.12851
88361666,stream,213.6514893,-0.406571,11.354385873199996,0.18599
88414945,stream,214.7141266,-0.280202,9.934850873199998,0.05143
88503527,shell,215.2985077,-0.3727,10.465875873199998,0.05315
88535621,stream,215.7108307,-0.393468,11.2638958732,0.13009
88536174,stream,215.7312164,-0.286528,10.850285232183523,0.13016
88567772,stream,216.233963,-0.37605,10.4800358732,0.0789
88588919,stream,216.47970580000003,-0.271552,11.062855873199997,0.12922999999999998
88841467,stream,218.2507629,-0.375271,11.016835873199996,0.10503
88929505,stream,218.9289551,-0.292872,9.616991873199998,0.05695
88992737,stream,219.4396667,-0.386992,11.456095873199999,0.13683
88993477,shell,219.4326477,-0.316051,11.891245873199999,0.13795
89082253,stream,220.9374237,-0.25066,10.848185873199997,0.14107999999999998
89454231,stream,181.796524,-0.232528,11.099845873199998,0.12957
89462151,stream,180.909668,-0.352741,10.981015873199999,0.1199
89462157,stream,180.9204559,-0.325928,11.333735873199997,0.13047
89462402,stream,180.9739227,-0.28145,10.526825873199998,0.09395
89464768,stream,180.8097229,-0.213911,11.302215873199996,0.16139
89465721,shell,180.69439,-0.247511,9.691379617579514,0.0936
89478610,stream,179.06985469999995,-0.372509,10.901465873199998,0.10914
89479045,stream,179.0480804,-0.210268,11.543325873199999,0.11216
89483448,shell,178.5616608,-0.26893,11.259165873199999,0.16184
89486167,shell,178.2913513,-0.398989,11.071975873199998,0.08072
89488814,stream,177.90777590000005,-0.243012,11.794225873199997,0.16272
89490570,shell,177.6204376,-0.349712,11.215735873199996,0.09917
89790551,stream,130.61721799999998,-0.283541,9.8704918732,0.05133
89807921,stream,131.9487762,-0.380952,10.958085873199996,0.05084
89821852,stream,133.0946045,-0.26367,10.802595873199998,0.13295
89832220,stream,134.0407715,-0.291011,11.395259367942344,0.22397
89845278,stream,134.95051569999998,-0.362949,11.316705873199997,0.12098
89862178,stream,136.2431335,-0.27693,11.4308458732,0.19491
89888639,stream,138.5644073,-0.272379,11.464705873199996,0.22063
89892600,stream,139.0731506,-0.40155,11.812335873199999,0.31802
89896570,shell,139.3572083,-0.35557,11.180545873199996,0.16238
89899281,shell,139.74624630000002,-0.216428,11.451555873199997,0.055810000000000005
89905524,stream,140.3153687,-0.269425,11.321725873199997,0.15281
90553349,shell,213.6316986,-0.296811,11.5522758732,0.30421
90554671,stream,214.3760071,-0.288644,11.176561479747761,0.25992
90600580,stream,135.8230591,-0.249588,11.568485531257465,0.22537
91629818,stream,213.60138,-0.191071,10.767538968764713,0.0537
91633500,stream,214.1941071,-0.215732,11.253895873199998,0.12678
93387298,stream,333.21735,-0.015998,11.281975873199999,0.08915
93388462,stream,333.27176000000014,-0.010037,10.010123873199998,0.0877
93388565,shell,333.34055,-0.05413,10.751475873199999,0.08722
93391110,stream,333.55695,-0.10594,11.005365873199999,0.18329
93391560,stream,333.64301,-0.129807,10.831125873199998,0.2131
93391576,stream,333.64639,-0.13216,10.945465873199996,0.18397
93392761,stream,333.7913200000001,-0.08230599999999999,10.028095873199998,0.057579999999999985
93395278,shell,333.97111,-0.055127,11.153645873199999,0.12056
93409317,stream,335.58879,-0.15955,10.688605873199998,0.28944000000000003
# 93597434,stream,,,,
93643922,stream,178.10931399999996,-0.109972,11.153655873199996,0.12845
93680359,stream,179.19845580000003,-0.062178,10.901065873199999,0.17006
93692959,stream,179.466568,-0.165682,11.011985873199999,0.16455999999999998
93768669,stream,180.11445619999995,-0.08330900000000001,11.301005873199998,0.2
93776534,stream,180.1873169,-0.15673099999999998,11.872345873199999,0.16569
93783483,stream,180.2937012,-0.033479,11.220715873199996,0.16533
93799552,stream,180.6474457,-0.113488,11.466085873199999,0.20262
93808626,stream,180.76847,-0.124293,11.264125873199998,0.12224000000000004
93821271,stream,181.0006866,-0.166328,10.966565873199999,0.11958
93859084,shell,181.4584351,-0.184442,10.551315873199998,0.06165
93902094,stream,181.8911591,-0.067521,11.162615873199996,0.12717
93926908,stream,182.1820831,-0.160672,11.163665873199998,0.13005
94506017,stream,136.5801849,-0.022049000000000003,11.493325873199996,0.20218
94574911,stream,134.83622739999998,-0.08291,11.526605873199998,0.17324
94580631,stream,134.6965332,-0.097742,11.565565873199999,0.26466
94625831,stream,133.019455,-0.197132,11.056175873199999,0.12772999999999998
94668031,stream,132.0230713,-0.037268,10.622845873200001,0.12834
94708206,stream,130.9837952,-0.08301900000000001,11.492415873199999,0.19071
94751089,stream,130.3135986,-0.154116,11.437230505282061,0.15467999999999998
95127765,shell,213.0166626,-0.020079,11.096925873199996,0.09574
95127766,stream,213.0097961,-0.025108,11.077255873199999,0.16114
95132039,stream,213.89686580000003,-0.07251200000000001,-9998.840814126801,0.35271
95132831,stream,214.02499390000003,-0.15381199999999998,10.962345873199999,0.10296
95136856,stream,214.8387146,-0.205579,11.186905873199999,0.12086
95142696,stream,215.7168884,-0.016347,11.691833317861896,0.34247
95146589,shell,216.1337738,-0.16534100000000002,11.412325873199999,0.17504
95168166,stream,216.7535553,-0.17463299999999998,11.429538373660762,0.24341
95177332,stream,217.5276947,-0.05776,10.2842258732,0.06402999999999999
95186083,stream,218.2957153,-0.13549,11.186365873199996,0.13692
95190664,stream,218.9475861,-0.062198,10.920985873199998,0.12246
95198050,stream,219.9281464,-0.059059,11.247305873199997,0.16376
95203601,shell,220.4619751,-0.149298,11.489763247431258,0.31552
96010403,stream,213.9673309,0.070009,10.984535873199999,0.13556
96010555,stream,213.9265442,0.183338,10.869495873199996,0.11638
97351152,stream,335.5039700000001,0.045244,9.791805873199998,0.11093
97359178,stream,334.95227,0.168122,10.139722873199998,0.1068
97366742,stream,213.1090546,0.20797,11.072975873199999,0.13827
97368175,stream,334.0739700000001,0.165033,11.3598958732,0.13939
97384735,shell,213.3426666,0.141788,10.790775873199998,0.12562
97486637,stream,214.2514648,0.142431,10.971345873199999,0.13405
97514268,stream,214.6303406,0.072575,11.47983215021668,0.29972
97514677,stream,214.6477509,0.157709,10.663155873200001,0.05314
97553091,stream,214.9940338,0.108348,10.992935873199999,0.12082
97643794,stream,215.75742,0.011053,10.683209264127072,0.20997
97681492,stream,216.21708680000003,0.13909100000000002,11.019585873199999,0.13098
97826610,stream,217.5915527,0.121832,10.543735873200001,0.05536
98062046,stream,219.0677643,0.100698,-9998.840814126801,0.33733
98095901,shell,219.3185883,0.177291,11.335065873199998,0.1054
98112855,stream,219.43814,0.078787,10.8526258732,0.21069
98166619,stream,219.8668976,0.207269,11.2218058732,0.13337000000000002
98603245,shell,182.3661652,0.023612,11.754055873199999,0.20398
98608070,shell,181.7090912,0.056092,11.030735873199998,0.11545
98608837,stream,181.7675476,0.18477,10.967295873199998,0.09234
98612453,stream,181.1113434,0.025912,10.3927558732,0.09386
98627457,stream,179.2619781,0.154719,11.499315873199999,0.22803
98629856,stream,179.210083,0.163649,10.931495873199998,0.09529
98630517,stream,179.01824950000002,0.199301,10.991215873199996,0.07732
98639097,stream,177.9992065,0.168561,11.094575873199997,0.07693
98884233,stream,129.1428833,0.188371,11.4176162173826,0.13566
98943415,stream,133.8603058,0.061680999999999986,11.132435873199999,0.1079
98949838,stream,134.4979858,0.171198,10.090095873200001,0.05346
98983665,stream,136.83578490000002,0.108393,10.5236158732,0.0949
98998827,stream,138.30621340000002,0.149228,9.550917873199998,0.0539
99009222,shell,139.1792755,0.07310900000000001,12.036277024817537,0.35979
99714214,stream,213.8680115,0.227319,10.631465873199998,0.05393
100473658,shell,177.6073456,0.272242,10.927225873199998,0.12622
100843493,stream,213.6753693,0.1864,11.409525873199996,0.12377
100844077,shell,213.5736847,0.226841,11.3526258732,0.19233
102738403,stream,333.12961,0.37677,11.176185873199996,0.3167
102745541,stream,333.55551,0.371503,10.868775873199999,0.12665
102752447,stream,334.04987,0.383338,10.6770958732,0.10997
102763153,stream,334.93671,0.305808,10.989145873199996,0.09731
102764935,stream,335.1274,0.29652,10.765745873199997,0.06055
102764977,stream,335.13135,0.297337,9.676325873199998,0.06107000000000001
102769927,stream,335.55375,0.398006,11.251665873199999,0.16385999999999998
103078313,stream,179.4680939,0.334513,11.571237364260016,0.27045
103078862,stream,179.447464,0.222702,11.539335725829005,0.27135
103078917,stream,179.4446259,0.297512,10.797135873199997,0.108
103147394,stream,179.9157562,0.391761,10.1763558732,0.0693
103147506,shell,179.8873749,0.372891,11.566425873199996,0.19837
103266347,stream,181.786911,0.40646,10.940035873199998,0.09182
103873134,stream,138.1889496,0.34023200000000003,10.0277818732,0.05379
103924742,stream,136.8273926,0.25166,9.8163228732,0.10098
104083773,stream,132.7395325,0.356042,11.324575873199999,0.19694
104106702,stream,132.25233459999998,0.230358,11.300135873199999,0.16535
104130762,stream,131.8584747,0.347219,11.443775873199996,0.19436
104135037,stream,131.6343231,0.307458,11.713145873199997,0.13027
104223818,stream,129.7115326,0.348236,10.919471640125263,0.07855
104531728,shell,214.5170135,0.273831,10.7215858732,0.0503
104533262,stream,214.7390442,0.365619,10.737505873199996,0.0533
104533263,shell,214.741806,0.367902,11.498285374982517,0.2621
104543559,stream,216.0727081,0.226562,11.587112937791971,0.32266
104578914,stream,217.485611,0.298032,10.483995873199998,0.09202
104581004,stream,217.6793518,0.252848,10.880795873199999,0.05489
104581981,shell,217.74501040000004,0.404629,11.180885873199998,0.13053
104581982,shell,217.7449188,0.406691,11.393895873199996,0.13059
104595729,stream,219.3453827,0.258101,11.714455873199999,0.28273000000000004
104600386,stream,219.9249268,0.230669,11.040585873199998,0.19741
104601731,stream,220.0085297,0.29176,11.6761058732,0.25589
104602792,stream,220.1913452,0.29182800000000003,10.920825873199997,0.10369
105215330,stream,213.4907227,0.458591,11.064465873199996,0.14420999999999998
105269483,stream,136.0319366,0.525569,11.681365873199999,0.12267
105667002,stream,137.77577209999998,0.60506,11.674235873199999,0.19915
106690896,stream,213.06635,0.522505,8.060000229626894,0.053
106697641,stream,335.34399,0.4613600000000001,11.463105873199996,0.17093
106702387,stream,335.0861,0.603457,11.256225873199996,0.16268
106724231,stream,333.47033,0.581739,11.541265873199999,0.20726
106724233,stream,333.47066,0.579557,11.207958785817027,0.20428
106728346,stream,333.17785,0.590233,11.281335873199996,0.1733
106730660,stream,333.08524,0.5605289999999999,10.123587873199998,0.05799
106734971,shell,332.8052600000001,0.525043,10.988245873199999,0.14953
107037645,stream,216.4861755,0.612931,11.281135873199997,0.05544
107070255,stream,216.9648743,0.484978,-9998.840814126801,0.3819
107070991,shell,216.9740143,0.569611,11.239615873199996,0.08528999999999999
107183750,stream,217.6019135,0.490991,11.134895873199996,0.12902
107426574,shell,219.1148987,0.617399,11.5402658732,0.13666
107515484,stream,219.865921,0.5489,11.237875873199997,0.14982
107525107,stream,220.0049438,0.508729,11.622509213455489,0.28223000000000004
107977459,stream,181.891983,0.482178,11.035135873199996,0.15909
107980751,stream,181.5061035,0.583531,-9998.840814126801,0.35773
107985733,stream,180.9687347,0.529698,9.9943078732,0.10258
107991420,stream,180.1827545,0.621001,10.8614458732,0.11006
108263703,stream,130.96069340000003,0.6118,11.589165873199999,0.26559
108263840,stream,130.9902496,0.617309,11.866155873199999,0.28003
108280405,shell,132.6424561,0.445808,11.546215873199998,0.19608
108290028,shell,133.5057526,0.558968,10.997175873199996,0.0576
108346475,stream,139.0049438,0.521628,11.358415873199997,0.20497
109144164,stream,139.8692474,0.704658,9.545550873199998,0.05647000000000001
112120897,stream,333.85116,0.697819,11.025315873199999,0.14992
112126186,stream,334.36016,0.8246100000000001,10.801895873199998,0.05703
112128322,stream,334.5680200000001,0.63569,9.7828678732,0.0675
112136927,stream,335.46237,0.819024,10.171385873199998,0.21492
112400868,stream,178.7144623,0.6525479999999999,11.583095873199998,0.22867
112455704,stream,179.68573,0.8262809999999999,11.613035873199998,0.2021
112455998,stream,179.7819824,0.742919,11.105875873199999,0.1326
112899603,shell,139.4295044,0.796229,11.942545873199997,0.19787
113351116,stream,134.0185,0.772796,10.7844171962206,0.20462
113357800,stream,133.6071472,0.74438,11.458085873199996,0.10545999999999996
113383198,shell,132.79331969999998,0.808422,11.356815873199999,0.17736
113417220,stream,132.00794979999998,0.693362,10.989405873199999,0.11052
113428779,stream,131.634613,0.697241,11.591565873199999,0.19499
113492441,shell,130.4485168,0.81934,11.402375873199999,0.0778
113863581,stream,213.6912842,0.724061,11.634645873199997,0.26504
113866033,shell,214.2173157,0.765072,11.575215873199998,0.174
113866887,shell,214.3811646,0.77165,11.351315873199999,0.07753
113868370,stream,214.4834595,0.676651,9.998113873199998,0.0529
113871208,stream,214.8867645,0.763547,11.289915411936818,0.17192000000000002
113873593,stream,215.3031464,0.824358,10.586425873199998,0.07514
113904017,stream,216.8713531,0.8327979999999999,11.342615873199996,0.12565
113907886,stream,217.1174469,0.8418110000000001,11.150805873199998,0.12607000000000002
113922638,shell,218.4370422,0.794932,11.833165873199999,0.12822
113932808,stream,219.541687,0.8114210000000001,10.679465873199998,0.12730999999999998
113936525,stream,219.9528503,0.788011,10.850385873199999,0.1156
113937192,shell,220.0454712,0.724338,11.647315873199997,0.25901
113943780,stream,220.8395996,0.643319,11.354705873199999,0.13755
114549745,shell,140.116272,0.80887,11.371775873199999,0.19579
115189343,stream,178.29954530000003,0.8418709999999999,11.339865873199999,0.28342
116050345,shell,333.3826200000001,0.849274,10.986755873199996,0.0774
116082849,stream,213.8349762,0.8941020000000001,11.414215873199996,0.14403
116487899,stream,218.0468597,0.902672,10.961395873199999,0.14428
116579212,stream,218.7753296,0.959632,11.017585873199996,0.10897
116698686,stream,220.1308136,0.932931,11.553257216408383,0.285
117090590,stream,182.1138763,0.951326,11.360795873199999,0.15905
117092877,stream,181.7736359,0.912378,11.1725358732,0.15937
117094119,stream,181.5900269,0.948129,11.339695873199997,0.1132
117096272,stream,181.0881042,0.977698,11.1165158732,0.14908
117098374,stream,180.8235321,0.8991790000000001,10.697155873199998,0.07829
117098755,stream,180.7719269,1.0035,11.029785873199996,0.07851
117305510,stream,129.0418396,0.933485,10.957250892883167,0.08462
117319177,stream,130.4660339,0.92464,11.804665873199998,0.28449
117324457,stream,130.7789307,0.962788,10.805025873199996,0.07702
117334949,stream,131.8628387,0.8569680000000001,11.129755873199999,0.08664
117336727,stream,132.0172729,1.032362,10.101254873199998,0.06074
117342202,stream,132.605072,1.003938,11.274145873199997,0.10608
117348260,shell,133.22155759999998,1.033012,10.341055873199998,0.05149
117352425,stream,133.6996918,1.031149,11.788846102514071,0.32166
117354092,stream,133.9073639,0.922211,11.206865873199996,0.19342
117946619,stream,217.087677,0.936611,11.015435873199998,0.12618
117960661,stream,216.81949,0.993084,9.128270873199998,0.05236
117996059,stream,333.57401,1.045038,11.155565873199999,0.23779
118049572,stream,137.3396606,0.921118,10.530995873199998,0.12319
118067582,stream,215.872467,1.035448,11.0117358732,0.15141
118094679,stream,334.55431,0.911244,11.445888564761846,0.211
118098673,shell,215.5278625,1.055779,11.497949689946836,0.37202
118123506,stream,215.3085632,0.964908,11.380245873199996,0.16987
118123637,stream,215.2891541,1.081532,10.987415873199996,0.10317
118190889,shell,335.36411,0.983381,9.903762873199998,0.05707
118208357,stream,139.69681,0.954163,-9998.840814126801,0.38766
118230546,stream,139.84025569999997,1.074991,10.7034258732,0.0881
118286931,stream,140.2013702,1.044529,11.256375873199996,0.14039
118292138,stream,213.6156769,1.056671,11.766635873199997,0.26345
119752086,shell,219.160675,1.1830120000000002,11.737815873199999,0.13745
120079772,stream,135.5595856,1.11745,10.0129348732,0.0528
121372307,stream,180.2131653,1.145568,10.8373758732,0.1251
121387314,stream,180.5495758,1.16004,11.092285873199996,0.08476
121425388,stream,180.9157562,1.20457,11.220125873199999,0.07797
121554404,stream,182.4203339,1.172862,11.5408758732,0.07774
122038492,stream,134.75688169999998,1.256218,10.4884258732,0.07174
122058527,stream,134.0791168,1.218542,11.428645873199999,0.19957
122068601,stream,133.61747739999998,1.202038,10.712725873199998,0.05859
122895954,stream,216.7508545,1.1981540000000002,10.815615873199999,0.10203
122938218,stream,333.620636,1.17842,9.726972873199998,0.11986
122960165,shell,333.69456,1.130711,11.721357835165687,0.39236
122991678,shell,216.0905914,1.236709,11.300995873199996,0.15172
122993472,stream,177.4713135,1.165041,10.199095873200001,0.10632
123024552,stream,134.9445038,1.136868,10.7626258732,0.19851
123078134,stream,215.6191101,1.295322,11.416235873199996,0.1173
123105663,shell,334.8510100000001,1.234673,9.7370038732,0.05823
123124119,stream,335.01928,1.18644,11.691080162709111,0.29607
123147613,stream,137.8055878,1.232458,11.520405873199996,0.2524
123147622,stream,137.78866580000002,1.239347,11.554134006495588,0.30753
123175439,shell,335.22872,1.1862700000000002,11.5673858732,0.25082
123243221,stream,139.7348633,1.25498,11.090815873199999,0.08738
123466651,stream,134.27183530000002,1.262048,11.128365873199996,0.10463
123557400,stream,139.4944763,1.373729,11.753085873199996,0.2112
123618725,stream,134.7862701,1.27721,10.8415958732,0.11893
123815053,stream,220.1555023,1.32204,9.8522678732,0.0502
123877434,stream,219.8984528,1.238181,11.272355873199999,0.13432
123877606,stream,219.9473114,1.313192,9.986373873199998,0.05006
124356531,stream,130.0297699,1.256031,11.589423061173875,0.2091
124387474,stream,178.8701782,1.388109,-9998.840814126801,0.33953
124403403,stream,179.26307680000005,1.269062,11.235985873199999,0.1793
124403522,stream,179.2779999,1.3151,10.928845873199997,0.13092
124413715,stream,179.49491880000005,1.368892,11.342025873199999,0.07828
124414061,stream,179.4399261,1.38696,11.810645873199999,0.2724
124446594,stream,180.1635437,1.277049,11.057855873199998,0.13846
124481361,stream,180.9650574,1.29509,11.078995873199997,0.08315
124481498,stream,181.0082092,1.444899,11.419425873199996,0.08353
124481512,stream,181.0147552,1.373622,11.159805873199996,0.08251
124489120,stream,181.1665039,1.269288,11.198605873199996,0.13141
124497804,stream,181.4547729,1.39183,11.043585873199996,0.11273
124757056,stream,217.7168579,1.309618,11.525145873199996,0.15980999999999998
124757320,stream,217.8618011,1.33057,10.560845873199998,0.13394
124779689,shell,217.6096802,1.3202200000000002,11.469755873199999,0.13651
124818162,shell,217.2692108,1.338201,10.934825873199998,0.10128
124836238,stream,131.52624509999998,1.361081,11.0412058732,0.131
124863682,shell,131.5783997,1.373659,11.219915873199996,0.13375
124871956,stream,178.17749019999997,1.411699,11.436131542141087,0.34796
124896686,stream,138.42115780000003,1.354211,10.872155873199999,0.16587000000000002
124971344,stream,216.32544,1.373458,10.360205873199998,0.1025
124999291,stream,216.166214,1.4803309999999998,11.904495873199997,0.30214
125056522,stream,215.6219635,1.434982,11.670260976796277,0.28038
125143490,stream,334.98736,1.392257,11.312050142267251,0.21034
125148598,stream,215.0787964,1.517369,10.966635873199998,0.10297
125148624,stream,215.048584,1.503292,10.492485873199998,0.08454
125166142,stream,335.03414,1.3347719999999998,11.265147861791775,0.24579
125166168,stream,335.08571,1.376762,11.444506152751273,0.29822
125175898,shell,139.6719971,1.462342,11.275195873199998,0.14081
125235267,stream,133.142395,1.434332,11.706325873199999,0.26429
125261101,stream,214.5155792,1.535332,11.318705873199999,0.19008
125271472,stream,133.24671940000002,1.368497,11.805005873199999,0.26218
125330491,shell,214.0442505,1.541398,10.373345873199998,0.05304
125351828,shell,213.8566895,1.445511,11.695265873199999,0.11703
125480823,stream,213.0797424,1.509408,10.771675873199998,0.08477
125886712,stream,137.88168330000002,1.486478,11.322145873199997,0.17015
126059293,stream,219.4779816,1.611519,11.178055873199996,0.13779
126119447,shell,179.29179380000005,1.495219,11.0686058732,0.09538
126162070,stream,180.405014,1.484497,11.338205268330054,0.17115999999999998
126177862,stream,180.7782593,1.469722,-9998.840814126801,0.38826
126202454,stream,181.3997192,1.506649,10.109301873199998,0.06652999999999999
126215972,stream,218.8981171,1.476338,11.263535873199999,0.23242
126228247,stream,182.2307434,1.61684,11.416135873199996,0.15891
126228398,stream,182.155365,1.469411,10.897695873199996,0.12986
126228404,stream,182.1602325,1.458928,11.317092982295435,0.1291
126242584,stream,182.4166565,1.556569,11.170915873199997,0.1318
126311691,stream,218.53761290000003,1.616939,11.8984658732,0.13788
126371487,shell,218.22151180000003,1.540023,11.478695039229931,0.11277
126441874,stream,217.842926,1.611469,11.475055873199999,0.13793
126477554,stream,217.5165558,1.566901,11.756645873199997,0.28349
126495553,stream,217.3383026,1.6876380000000002,11.129635873199996,0.15068
126546798,stream,138.0110626,1.649132,10.884835873199997,0.07089
126585115,stream,216.7391815,1.6596419999999998,11.58772541039798,0.21714
126615957,stream,216.61479190000003,1.611601,10.378135873199998,0.06467
# 126723575,stream,,,,
126749612,stream,215.7223053,1.7320919999999995,10.917625873199999,0.11044
126823836,stream,334.7557700000001,1.670333,11.392872228345368,0.23142
126896102,shell,335.29674,1.627422,11.715582556498704,0.37416
126899122,shell,133.0245056,1.748832,11.693845873199999,0.26038
126901257,stream,214.8597107,1.659961,11.029765873199999,0.0764
126902446,shell,137.2038727,1.72633,10.9964858732,0.10436
126936666,shell,133.15638729999998,1.638262,11.637125873199999,0.27841
126955235,stream,214.472229,1.639668,10.358115873200001,0.05455
127034849,stream,214.14244080000003,1.628161,10.4906858732,0.05592
127081890,stream,213.8139496,1.7313580000000002,10.726625873199998,0.05401
127108485,stream,213.6359863,1.731569,11.420045873199998,0.053070000000000006
127108584,stream,213.591156,1.740861,10.932135873199996,0.054179999999999985
127108631,stream,213.6131744,1.732819,10.0381658732,0.05289
127420412,stream,136.9968109,1.747351,11.687395873199996,0.32962
127454984,stream,134.95704650000002,1.623911,11.554690965043848,0.32889
127513628,stream,220.661087,1.7009740000000002,11.814637786941605,0.36751
127639590,stream,220.01091,1.7168990000000002,11.188775873199999,0.18427
127974638,stream,182.24054,1.798462,8.845390100614168,0.07727
128108248,stream,130.70984,1.864118,11.476079928106627,0.38254
128263774,stream,217.3797607,1.793613,11.864217845082749,0.31854
128280932,stream,137.4567108,1.813198,11.507965873199996,0.18184
128280933,stream,137.4572,1.812728,10.68920826088288,0.18199
128317062,stream,217.0810242,1.770591,11.002805873199996,0.11943
128373283,stream,131.8145599,1.895561,10.643115873200001,0.05
128472200,stream,216.0229492,1.799438,10.1347328732,0.05546
128474974,stream,138.38061519999997,1.766318,11.1745558732,0.21035
128519494,stream,215.7158508,1.7567400000000002,11.357105873199997,0.15579
128623678,shell,334.86943,1.757067,11.666496726873447,0.25468
128823370,shell,214.0785828,1.792979,11.391235873199998,0.18063
128880082,stream,137.65812680000002,1.948592,11.402855873199996,0.2270800000000001
128930942,stream,133.8612061,1.794462,11.649795873199999,0.27486
128931013,stream,133.8496246,1.83145,11.7163658732,0.26174000000000003
128935534,stream,140.026825,1.968791,11.570375873199996,0.08499
129270057,stream,133.0206604,1.96383,11.380005873199996,0.10757
130047903,stream,131.2319336,1.981318,11.126625873199997,0.11236
130118121,shell,131.3366699,2.003979,11.423225873199996,0.07549
130172119,shell,134.568924,2.0218990000000003,10.7809258732,0.07096000000000001
130202834,shell,140.3941956,1.97324,11.733995873199998,0.28367
130304036,stream,136.29179380000002,2.153788,11.590355873199996,0.20483
130392339,stream,134.99481200000002,2.05273,9.6275888732,0.057579999999999985
130558838,stream,135.3835144,2.0621,10.697055873199998,0.05696
130683481,stream,140.0883789,2.089277,11.331266353474348,0.26172
131387087,stream,140.07789609999998,2.183651,11.402205873199996,0.08900000000000001
131387337,stream,140.1726837,2.161779,11.805735873199996,0.30889
131862577,stream,137.4356995,2.286751,11.280305873199996,0.13982999999999998
131891138,stream,132.0173187,2.219418,10.919625873199998,0.07674
132004657,stream,140.2860107,2.333931,11.436585873199999,0.08903
132083264,stream,132.8386536,2.29418,11.805755873199999,0.32133
132152437,stream,133.0504761,2.2593810000000003,10.781735873199999,0.09544
132398565,stream,134.0443268,2.344208,11.0197158732,0.10391
132443571,stream,134.108429,2.228052,11.506345873199999,0.12474
132443572,stream,134.1080475,2.219602,11.230935873199996,0.12511
132443573,stream,134.1046906,2.241371,11.351865873199998,0.124
132469660,stream,129.5739899,2.282469,11.735956252785401,0.20997
132603289,stream,135.8439331,2.31502,11.253545873199997,0.10577
133157185,stream,130.5132751,2.47402,11.2891858732,0.14885
133484475,stream,131.2196808,2.38033,11.061115873199999,0.113
133772914,stream,140.1654968,2.51969,11.407853275872185,0.21087
133981768,stream,135.3066254,2.472129,11.291785873199997,0.12932000000000002
134001690,stream,132.266922,2.493531,11.405484560193145,0.31753000000000003
134246925,stream,135.767746,2.6040490000000003,10.679525873199998,0.13209
134349765,stream,137.9116364,2.6070740000000003,11.573166729707735,0.31535
134409318,stream,140.390274,2.584502,11.1130858732,0.08405
134479333,stream,138.26421000000002,2.612876,11.563160091987813,0.3712
134644940,shell,133.3192444,2.627822,11.244875873199996,0.10699000000000004
134737125,stream,139.81994630000003,2.550389,10.429715873200001,0.05884
135289926,shell,137.60110469999998,2.635231,11.660975873199996,0.22984
135303386,shell,138.9079437,2.691138,11.331075873199996,0.15404
135431385,stream,137.8744812,2.694869,10.5020858732,0.05489
135559904,stream,131.8164673,2.660348,11.606535873199999,0.11858
135671915,stream,135.0062256,2.733348,11.300225873199999,0.12868
135771971,stream,129.18757630000002,2.647827,11.506576193438375,0.16405
136370400,stream,138.2897034,2.724242,11.471785873199996,0.15413
136919782,stream,140.04574580000002,2.846348,11.42477996397065,0.31871
137099854,stream,134.3735657,2.900161,10.861435873199998,0.08777
137292586,stream,134.8479767,2.87413,11.783115873199996,0.30617
137335416,stream,139.6944427,2.840998,11.343155873199999,0.19855
137629897,stream,132.33578490000002,2.882938,11.629785873199998,0.2362
137694421,stream,135.5370789,2.976672,11.556385873199996,0.19965
137812223,stream,129.73913570000002,2.856561,11.444435873199996,0.19355
138226732,stream,136.5258636,2.961909,11.267635873199996,0.0997
138376848,stream,133.56544,2.962952,11.865399151240124,0.38717
138629519,stream,137.069397,2.975192,10.826755873199996,0.09332
1237648702979178751,stream,212.3824463,-1.150167,11.495806493578133,0.27314
1237648702981210427,stream,217.0180511,-1.060126,11.542046022310386,0.25972
1237648702983963091,stream,223.4281616,-1.155953,11.557028970215473,0.29682
1237648703515263136,stream,210.59208,-0.75298,10.651120708149392,0.16393
1237648703515721950,shell,211.72052,-0.628305,11.418257070632533,0.26275
1237648703520178572,stream,221.8950958,-0.6781,11.50578088714974,0.20983
1237648703521358183,stream,224.57845,-0.694149,11.36093392992916,0.19965
1237648704052003092,stream,210.36778,-0.408453,11.49143862092751,0.28811
1237648704052265353,stream,210.96353,-0.2312,11.703309936739972,0.39425
1237648704057180827,shell,222.1079,-0.259633,11.659854428551624,0.44235
1237648704589463830,stream,211.6899261,0.068053,11.560165333503392,0.24209
1237648704589594980,stream,211.9736481,0.155284,11.623116221977398,0.31373
1237648704593593407,stream,221.1352539,0.187394,11.522101656097224,0.39552
1237648705125810624,stream,210.52348,0.530429,11.470685212349052,0.35981
1237648705126859079,stream,212.82667540000003,0.565513,11.704491299227813,0.26135
1237648705668907793,stream,224.70672,0.936846,11.731962631107304,0.40761
1237648720137290133,stream,135.05061,-1.009064,11.557464466022791,0.39974
1237648720155967643,stream,177.5898743,-1.016701,11.560492794611493,0.30865
1237648720157344365,stream,180.83443,-0.928009,11.571518742770422,0.37732
1237648720170582559,stream,210.98597,-1.003422,11.583109435989172,0.44719
1237648720172744998,shell,215.99748230000003,-0.890645,11.65865017735632,0.13452
1237648720671998530,stream,130.0110168,-0.458562,11.784517901731306,0.26929000000000003
1237648720673702335,stream,133.93836000000002,-0.560212,11.400817317524345,0.23683
1237648720707846449,stream,211.9698792,-0.4888810000000001,11.089188081648901,0.26358000000000004
1237648720711975248,stream,221.400238,-0.601887,11.648024628986606,0.33975
1237648720712106076,shell,221.6482391,-0.536755,11.52178824834118,0.2084300000000001
1237648720712237334,stream,221.91213990000003,-0.44631,11.47669395583216,0.31032
1237648721208541517,stream,129.2718658,-0.078301,11.333832207819796,0.16627999999999998
1237648721213719243,stream,141.18202,-0.018637,11.763189198798498,0.32567
1237648721230889356,stream,180.3493652,-0.032454000000000004,11.538358577206964,0.31543000000000004
1237648721232199712,stream,183.36179,-0.156397,9.636577376018977,0.1252
1237648721232396948,stream,183.8128815,-0.029579,11.401924772973867,0.25134
1237648721247469828,stream,218.29417,-0.13538599999999998,11.464105777093213,0.13692
1237648721248977205,stream,221.69157,-0.098666,11.586372599704196,0.10165
1237648721766908331,stream,178.34031000000004,0.296126,11.496866342786234,0.36642
1237648721768218857,stream,181.4476471,0.266795,11.585790949087825,0.26632
1237648721781653903,stream,212.1607361,0.240095,11.602010029339,0.31367
1237648721786306917,stream,222.7398071,0.2326280000000001,11.455957589991158,0.29674
1237648721786634853,stream,223.44439,0.334816,11.646203298238106,0.43003
1237648722284052915,stream,133.3066406,0.759003,11.509225179848725,0.32107
1237648722305745128,stream,182.9702301,0.811991,11.536572427648935,0.27281
1237648722320359598,stream,216.2274475,0.7340369999999999,9.269561796434571,0.14332
1237648722819744491,stream,130.66538,1.233846,11.595539242523953,0.34809
1237648722842615989,stream,182.96018,1.199964,11.679387642579968,0.43978
1237650794605641940,stream,137.51915,-1.200432,11.309450290282257,0.16343
1237650794605773599,stream,137.91865,-1.139663,11.535554386486185,0.38838
1237650794606231985,stream,138.99157,-1.060117,11.897755762969608,0.29602
1237650794606232012,shell,138.94997,-1.117055,11.737988464825321,0.35356
1237650795142316440,shell,137.1397858,-0.794568,11.529418369202174,0.23066
1237650795675386610,stream,128.52647,-0.265377,11.70652686827816,0.41495
1237650796214682009,stream,133.9306793,0.113153,11.483330606642994,0.22312
1237650796749324853,stream,128.87239,0.505987,11.399178219842725,0.31619
1237650796750898123,stream,132.53353,0.525472,10.740591035297255,0.39702
1237650797286129900,stream,128.75647,0.923443,11.516291381616616,0.29259
1237650797286261131,stream,129.0066833,0.953748,11.577524434425865,0.1592
1237650797286916217,stream,130.53596000000002,0.923694,10.44276272674324,0.0963
1237650797287047317,stream,130.8770905,0.939946,11.495145499226055,0.28424
1237650797287178743,stream,131.2043152,1.000614,11.853613860614132,0.29495
1237651250442273095,stream,246.82865,44.51276,11.273413126647938,0.13521
1237651250442666469,stream,247.70075,43.815538,11.4603071672027,0.26069000000000003
1237651250442928561,stream,247.98065,43.227365,11.470350121671801,0.32922
1237651709968908641,stream,210.23178,-0.585276,11.516638984787278,0.16527
1237651735757717678,stream,181.7816772,1.917881,11.368421537234099,0.25267
1237651735774036765,stream,219.05818,1.638394,11.301846661663149,0.35409
1237651735774429663,stream,219.8611755,1.463226,11.877008055278564,0.41256
1237651735775019581,stream,221.1938934,1.402476,11.57158893480664,0.32447
1237651735775740175,shell,222.89651490000003,1.364376,11.487825734438955,0.25913
1237651735776395463,stream,224.37332,1.352193,10.89939367887564,0.07027
1237651735776723792,stream,225.19118,1.442987,11.541924254386684,0.43978
1237651736309334436,stream,215.37897,2.084516,11.223146816540975,0.32055
1237651752937783485,stream,182.7619629,1.86369,11.622789066052064,0.29472
1237651752952726043,stream,216.86645,1.302369,11.806166523718277,0.37546
1237651752954692084,stream,221.3493042,1.227739,11.54554311162792,0.37661
1237651753490055502,stream,217.9813385,1.80348,11.466127002553547,0.27712
1237651753490317800,shell,218.4990845,1.839741,11.646068407455461,0.32999
1237651753491431812,stream,221.1242981,1.623112,11.69459356435982,0.29758
1237653621763211866,stream,128.76685,1.131583,11.41249274823349,0.2957
1237653622837019102,stream,128.93767,1.819285,11.574890707153829,0.37204
1237653665249296754,stream,128.17889,1.622127,11.438748484360984,0.17861
1237653665249624679,stream,128.84098,1.639522,11.437001923390198,0.2912
1237653665250346127,stream,130.6097565,1.7281220000000002,11.823017351474846,0.42128
1237653665787019768,stream,130.04737849999998,2.10255,11.825212426439974,0.35999000000000003
1237654599949222193,stream,141.90646,2.521748,11.485990452798431,0.2409
1237654601017131636,shell,128.52581999999998,2.55581,11.723075708956456,0.36185
1237654601021260290,stream,137.92133,3.129021,11.333189828728793,0.20075
1237654601558720729,stream,139.29537,3.533546,8.379581939362652,0.08135
1237654602632528260,stream,139.42479,4.392856,11.744717214722185,0.33412
1237654605317013856,shell,140.07093,3.411822,11.458715700311586,0.35864
1237654605851918938,stream,135.56151,3.543307,11.705822811636608,0.37809
1237654605853688196,shell,139.64667,3.921746,11.668614899448585,0.25832
1237655128765038765,stream,246.52953,44.573627,11.612401312202563,0.17637
1237655129302696169,stream,248.3307,43.251199,11.540831394901032,0.34472
1237655176008630716,stream,136.77173,-2.388158,11.688682761217933,0.42591
1237655176545173800,stream,136.15458999999998,-2.050726,12.194148323935226,0.40871
1237655177082045143,stream,136.17533,-1.613705,11.390574507298885,0.44964
1237655347820233040,stream,243.1289,44.547243,11.727929335669616,0.30218
1237655347820429543,shell,243.53632,44.277731,11.343910269381011,0.13693
1237655347821347074,stream,245.45486,42.779798,10.722698503057472,0.05936
1237655349431828933,stream,246.50845,43.704142,11.610671923932388,0.264
1237655349968765070,stream,247.01291,43.929356,10.98570908770489,0.07799
1237655349969092763,stream,247.64883,43.335624,11.473624122387266,0.22656
1237655349969224462,stream,247.92837000000003,43.023308,11.497085758732286,0.41106
1237655463248199921,stream,242.60939,44.15179000000001,11.683925188757712,0.13089
1237655463785267906,stream,243.50672000000003,44.063693,11.548852818727028,0.33568000000000003
1237655465396338922,shell,245.81714,44.128705,11.416663482217698,0.13383
1237655465396404240,stream,245.74523,43.929489,11.441439517366236,0.35358
1237655468060836074,shell,225.59233,1.128386,11.585510499498925,0.37907
1237655494373081507,stream,212.8722,-2.502062,11.442424905530062,0.29178000000000004
1237655498668245195,shell,212.28739,-2.408337,11.64915868814569,0.34512
1237655498670997510,stream,218.60038,-2.253853,11.563062433502635,0.29267
1237655499204460964,shell,210.79167,-1.995633,11.668350623775039,0.39992
1237655499204526580,stream,210.9694,-1.913723,11.666445763781669,0.40713
1237655499740872849,stream,209.79472,-1.478332,11.441743770075846,0.21616
1237655692476350844,stream,220.38576,-2.000357,11.101210488617651,0.43277
1237655692476809546,stream,221.51474,-1.850107,11.410535094139053,0.29512
1237655693014008226,shell,222.142868,-1.423269,11.497666188675794,0.31471
1237655693014204799,stream,222.638092,-1.35527,11.032699843010054,0.26139
1237655693014794699,stream,223.95229,-1.376197,11.474051683442669,0.29048
1237655693015384489,stream,225.36082,-1.41711,11.700617309194055,0.31658000000000003
1237656567046340912,stream,330.86994,-1.1783860000000002,11.499723937944507,0.22902
1237656906343121194,shell,332.74213,-0.964674,11.452409093995811,0.28891999999999995
1237656909032128671,stream,343.25477,1.052747,11.254965373693269,0.16881
1237658297910493554,stream,128.99934,3.021807,11.515123752353249,0.19124
1237658297915015676,stream,139.36056000000002,4.151257,11.607431037497008,0.34509
1237658300061122824,stream,135.99629,5.379647,11.265442057978365,0.20119
1237658423544512794,stream,138.67852,5.1775410000000015,11.472761370707305,0.27799
1237658423544971512,shell,139.65328,5.1825,11.523858204338467,0.2278
1237659120404136339,stream,236.67523,42.328141,11.442930569261081,0.32186
1237659161199248091,stream,236.25717000000003,42.938234,11.043313446338287,0.23623
1237659161735987472,stream,236.3709,43.510531,11.367166380368873,0.23564
1237659161736381021,stream,237.13641,42.816079,11.633566595439332,0.36102
1237659161736839883,stream,238.23162,42.107448,11.685746737828596,0.38429
1237659162810974540,stream,239.95796,42.054051,11.627717157360165,0.33555
1237659324416262691,shell,240.80873,42.935827,11.725320023018869,0.4157
1237659324953198849,stream,241.39466,43.094033,11.346253767842429,0.19861
1237659324953657706,stream,242.34347,42.253716,11.420064890233336,0.32751
1237659325490332008,shell,242.35453,42.911651,11.676939277997008,0.25826
1237659326026678620,stream,241.67218,44.12272700000001,11.45190678711515,0.3344
1237659326027595977,stream,243.5329,42.430442,11.515342873579355,0.18512
1237659326563352817,stream,241.6715,44.69354000000001,8.128559101348857,0.06035
1237659327101141217,shell,243.9627,43.444911,11.453467417362845,0.2155
1237659329238925502,stream,240.72494,43.324828,11.240704252704745,0.13101
1237659329239253780,stream,241.4422,42.745099,11.29772253036208,0.29757
1237659329775665434,stream,240.77896,43.677523,11.356100489792881,0.22726
1237659330312209286,stream,240.47154,44.571522,11.559087122790515,0.3662
1237659330849866087,shell,242.78525,43.637842,11.334382120941882,0.23256
1237659330850390343,stream,243.79655,42.690461,9.006344712310238,0.06229
1237660024493965679,shell,337.67058,-1.117523,11.774690316524355,0.3302
1237660024495014495,stream,340.0727,-1.213653,11.659176922810733,0.41388
1237660024495800623,stream,341.76514,-1.224104,11.323769896291196,0.22688000000000005
1237660025032540494,shell,341.56823,-0.685412,11.356206083029974,0.20701
1237660025033458105,stream,343.61758,-0.659025,11.61415419842524,0.4429300000000001
1237661386001940659,stream,235.58024,43.7576,11.335989441926358,0.26198
1237661386002399383,stream,236.48482,43.047834,10.784825206123061,0.0539
1237661386002792891,shell,237.45436,42.463727,11.588345512209346,0.32231
1237661386539270432,stream,236.95104,43.352933,11.494338329299351,0.31941
1237661386540056731,stream,238.74771,42.103073,8.377557071969022,0.07112
1237661388149883488,shell,238.16533,44.362834,11.71582334570121,0.44927
1237661388150210754,shell,238.85799,43.749897,11.493534821391222,0.23604
1237661388150276486,stream,239.08239,43.72235300000001,11.28552037931513,0.34627
1237661388150341869,stream,239.14581,43.625852,11.29011712812644,0.2071800000000001
1237663445442363679,stream,342.96285,0.755234,11.468664902437013,0.28563
1237663478723051866,stream,335.91894,-0.284333,11.562640670919787,0.26315
1237663478723117436,stream,336.07731,-0.413978,11.463472828036174,0.31668
1237663478723772715,stream,337.50888,-0.287289,11.501568754611073,0.08154
1237663479259660723,stream,335.34198,0.12975699999999998,11.625587897200608,0.24957
1237663479262216487,stream,341.17234,0.196901,11.418833533389261,0.19681
1237663479263068231,stream,343.05399,0.17924,10.777696061588356,0.11241
1237663479263134015,stream,343.1998700000001,0.143772,11.56252287037205,0.25482
1237663479796990531,shell,336.33023,0.509408,11.608159474024431,0.40878
1237663479797711222,stream,338.02274,0.623145,11.374143441251366,0.25906
1237663479797776691,stream,338.2481,0.571141,11.352342774393033,0.25863
1237663479798890864,stream,340.73415,0.52698,11.521010069394832,0.36812
1237663479798956385,stream,340.9091,0.500644,11.211499516270122,0.23534
1237663479799087430,stream,341.182,0.459365,11.432706781139133,0.23487
1237663479799283823,stream,341.63082,0.58321,11.9388421754702,0.28218000000000004
1237663479799677213,stream,342.4914,0.561679,11.681556167910454,0.35522
1237663479799677436,stream,342.49072,0.436892,10.9495658732,0.28471
1237663480334058170,stream,336.8725100000001,0.8694350000000001,11.320984015663269,0.29206
1237663542611804483,stream,336.16136,-0.624744,11.207960006548092,0.165
1237663542612918585,stream,338.71972,-0.500779,11.506340287160127,0.246
1237663542613573849,shell,340.1976,-0.513003,10.971954467473552,0.24439
1237663542613836453,stream,340.79215,-0.558381,11.722760455159008,0.43852
1237663543147300041,stream,333.06348,-0.167666,11.532255212921882,0.33064
1237663543148937468,stream,336.76533,-0.206773,11.236092059116345,0.08906
1237663543151100469,stream,341.6379,-0.167708,11.82779445470078,0.43409
1237663543683056067,shell,330.5093,0.39204,11.469838940538466,0.28945
1237663543685415284,stream,335.8246200000001,0.365997,11.344367738347499,0.29194000000000003
1237663543686070469,stream,337.28894,0.4145180000000001,11.501040788425598,0.12953
1237663543686332582,shell,337.8629200000001,0.209424,11.464047182002108,0.25296
1237663543686463698,stream,338.16983,0.236238,11.25567702596891,0.30051
1237663543687840345,stream,341.3531200000001,0.355145,11.476355813327244,0.35758
1237663543687840460,stream,341.3878200000001,0.223722,11.764270766521804,0.2936
1237663544220647632,stream,332.02249,0.8360780000000001,11.170671122876227,0.25278
1237663544224186682,stream,340.11538,0.7967569999999999,11.364087233087044,0.21306
1237663544224645693,stream,341.1964200000001,0.754545,11.584404875058679,0.4401600000000001
1237665355086823629,stream,245.87872,43.691682,11.288198840731635,0.20464
1237665356160303604,stream,244.69883,43.10896500000001,11.487763480123249,0.28332
1237666407898480823,stream,343.85443,-0.195685,11.255216832301812,0.16228
1237669770301603985,stream,33.154371999999995,-4.717097,11.547455692023506,0.18121
1237669770302455946,stream,33.066409,-2.767344,11.258694224103241,0.13938
1237669770839261278,shell,32.795970000000004,-2.971509,11.243868236750133,0.10986
1237669771912675471,stream,31.805036,-3.630502,11.438106990186498,0.21506
1237669771913003172,stream,31.775271000000004,-2.934948,11.7696517490549,0.37815
1237669772449939652,stream,31.540869,-2.783675,11.232797611155544,0.23632
1237671127515005615,stream,176.88482,-0.555597,11.773531842743974,0.4419300000000001
1237671140407312737,stream,176.83091000000005,-0.278461,11.47608938877238,0.34474
1237671141480989014,stream,175.9894714,0.052814,11.594287442509088,0.36497
1237671141481906294,shell,176.9963226,1.829654,11.465629249461928,0.26185
1237671142017728796,stream,175.4860077,-0.043443,11.5803610910516,0.3037
1237673700206837967,stream,40.196691,-6.3162629999999975,11.510080912325066,0.18179
1237673700743381201,stream,39.359361,-6.567857000000001,11.111858112781194,0.09573
1237673700743446584,stream,39.443329,-6.510599,11.670145318043067,0.21458
1237673700743839977,stream,40.133874,-5.837271,11.920407915662508,0.34243
1237673701817122892,shell,38.729596,-5.953579,11.346916929993313,0.18397
1237673708256756243,stream,135.81642150000002,-0.908294,11.944996252903366,0.40818
1237674459878589087,stream,140.69176000000002,2.358031,11.520420484404895,0.34338
1237674460415131955,stream,139.9428253,2.230688,11.253628126578405,0.14261
1237674461489528876,stream,140.68648000000002,3.706786,11.498453827836785,0.26695
1237674461490053752,stream,141.7392,4.264291,11.463992249104194,0.37174
1237674462026793210,shell,141.34741,4.509043,11.169424205552788,0.08308
1237674462027120944,stream,141.93534,4.896026,11.508384706510697,0.25138
1237674602142433526,stream,212.41349790000004,-0.888922,11.607617495275914,0.11451
1237674602677862526,stream,209.8584,1.373307,11.605343381743296,0.24414
1237674603752522610,stream,212.1133118,0.774453,11.256215037530637,0.32598
1237674603754226040,stream,215.3139,-1.33258,10.47114558055182,0.15922999999999998
1237674604289196040,stream,211.9251099,1.50405,11.548785678518472,0.16763
1237674604291096712,stream,215.510437,-0.954696,11.076218252186663,0.10484
1237674648853283479,stream,176.20078999999996,-1.12644,11.390496685693504,0.35074
1237674650466648289,stream,182.5236053,0.108532,11.425711992138533,0.3015
1237674651003584912,stream,182.57529,0.455118,11.033823167206721,0.0996
1237678595930849611,stream,332.23907,1.117171,11.542599318665452,0.31005
1237678595933405503,stream,338.11405,1.271956,11.395757121033967,0.16408
1237678595933929711,shell,339.3470200000001,1.36212,10.813265685224907,0.07215
1237678595933929799,stream,339.30678,1.392376,11.436932036536744,0.2301
1237678595935371435,stream,342.65704,1.342533,8.209959003310814,0.06917000000000001
1237678595935568130,stream,343.02289,1.469343,11.357826603518332,0.1683
1237678595935633697,stream,343.22688,1.338027,11.312813404365444,0.19159
1237678596467065079,stream,330.74789,1.491217,10.909055638636346,0.06318
1237678596467392793,stream,331.47666,1.65788,11.065951293567196,0.09011
1237678596467393052,shell,331.532,1.47534,11.610918499849506,0.3222
1237678596467458417,stream,331.64049,1.482434,11.596615265647412,0.32597
1237678596467786260,stream,332.37581,1.5562200000000002,11.607483831598074,0.24731
1237678596467851579,stream,332.6002299999999,1.608796,11.31398866319796,0.14865
1237678596467917239,stream,332.75991,1.542189,11.652073793928142,0.21275
1237678596469621390,stream,336.5965,1.6506759999999998,11.370417642523535,0.34806
1237678596469686412,stream,336.7512,1.747874,11.481042760540733,0.26976
1237678596470145173,stream,337.7329299999999,1.649153,11.69912439683685,0.20755
1237678596470210793,stream,337.97279,1.678337,11.650053789198866,0.19325
1237678596470276328,stream,338.08456,1.607577,11.58275055816921,0.15142
1237678596470538546,stream,338.65596,1.6192030000000002,11.47680565272458,0.43984
1237678596470538553,stream,338.65874,1.666738,10.752884431640267,0.05755
1237678596470800628,stream,339.2829700000001,1.736072,11.722201360331384,0.20878
1237678596470866067,shell,339.39209,1.7352189999999998,11.630946906574536,0.19244
1237678596471259312,stream,340.30034,1.770177,10.878961437018006,0.07048
1237678596471718150,stream,341.4061200000001,1.836608,10.563369447365405,0.05914
1237678596471718151,stream,341.40708,1.83556,11.630202565807853,0.15270999999999998
1237678596471849034,stream,341.7307600000001,1.750009,11.18644984539424,0.15861
1237678596472111317,stream,342.28523,1.814551,11.323516606673365,0.17521
1237678596472177223,stream,342.42835,1.844335,11.515524762507994,0.38085
1237678597003673937,stream,330.10032,2.025835,11.695159041060831,0.19615
1237678597004329835,stream,331.6242200000001,2.067439,11.886351388180628,0.43425
1237678597004919530,stream,332.98894,1.948876,11.452482029199018,0.33195
1237678597005115659,stream,333.46573,2.070009,11.307298141415234,0.17979
1237678597005312492,shell,333.93518,2.025595,11.32372137454513,0.17665
1237678597005574387,stream,334.45394,1.956771,11.555641304177694,0.20391
1237678597005705610,stream,334.7176100000001,2.0693490000000003,11.432146465580445,0.15936
1237678597005771370,stream,334.8904100000001,2.0540000000000003,11.437440471025186,0.35714
1237678597006688598,shell,337.0870700000001,2.041513,11.794802375719886,0.26799
1237678597007737383,shell,339.39557,2.101428,11.758245626828284,0.35919
1237678597008261408,stream,340.69438,2.10735,11.567261137999596,0.44404
1237678597008785634,stream,341.86057,2.225829,11.557871579832867,0.14816
1237678597009048140,stream,342.39491,2.1217200000000003,11.874235602052071,0.42132
1237678597540479043,shell,329.93658,2.340176,11.45224888068333,0.10664
1237678597540741470,shell,330.56054,2.319354,11.376567392377186,0.13469
1237678597540872582,shell,330.93361,2.346813,11.428568502829876,0.20999
1237678597541069095,stream,331.34795,2.402214,10.977453860919924,0.1008
1237678597541396737,stream,332.06188,2.401194,11.737448596511967,0.2277
1237678597541527915,stream,332.3098700000001,2.3715,11.463242415047715,0.28606
1237678597541790184,stream,332.9562200000001,2.411675,11.348896040231919,0.30003
1237678597541921019,stream,333.31867,2.3511900000000003,11.23826251894934,0.12064
1237678597542052068,stream,333.54524,2.405457,11.177775744072278,0.14969000000000002
1237678597542379755,stream,334.2931200000001,2.5015810000000003,11.372952064542911,0.16275
1237678597544083878,stream,338.2913200000001,2.581579,11.377390125882812,0.20562
1237678597544411354,stream,339.04403,2.606879,11.387760417012036,0.13563
1237678597544476811,stream,339.05251,2.48201,11.433700151043013,0.13571
1237678597544476881,stream,339.10788,2.595053,11.461880384362304,0.18596
1237678597544607996,stream,339.41077,2.664899,11.569766078144312,0.20626
1237678597544673575,stream,339.49994,2.522293,11.514229261665607,0.27901
1237678597545197945,stream,340.84195,2.654126,10.968328285845928,0.05981
1237678598077743370,stream,330.85027,2.827671,11.517701936361844,0.17459000000000002
1237678598078988632,stream,333.69715,2.902192,11.361384663381616,0.2486
1237678598078988861,stream,333.67409,2.867711,11.759343011726742,0.44182
1237678598080299330,stream,336.77555,2.93844,11.483771879880805,0.22262
1237678598080299340,stream,336.7842,2.995341,11.626680451503491,0.22581
1237678598081020121,stream,338.40352,3.025298,11.6896797457739,0.19032
1237678598081282279,stream,339.00983,2.951405,11.356492649647407,0.19031
1237678598081282281,stream,339.0105200000001,2.953011,11.521048215421615,0.36323
1237678598081610036,stream,339.76951,3.092334,11.388215444516392,0.14892
1237678617405358345,stream,331.45491,1.034274,10.829906523911633,0.14213
1237678617407324376,stream,336.00003,1.0332940000000002,11.222843159688637,0.0858
1237678617941836586,stream,330.54491,1.28052,11.666170807220626,0.43797
1237678617942753544,stream,332.63286,1.454484,11.347753435955385,0.15295
1237678617943212592,stream,333.76266,1.376189,11.721397508925293,0.28406
1237678617945506284,shell,339.01145,1.585061,11.235372132970953,0.10054
1237678617945571390,stream,339.10726,1.609065,10.548118548991622,0.06305
1237678617945571745,shell,339.19458,1.611616,11.715052454033868,0.14898
1237678617945637119,stream,339.29938,1.512269,11.655361222685316,0.23036
1237678617945637220,stream,339.26976,1.488989,11.400435246920097,0.22801
1237678617946620291,stream,341.54149,1.575573,11.442132554380805,0.17844000000000002
1237678617947013203,stream,342.3532600000001,1.539276,11.340968917880671,0.14744000000000002
1237678618479362366,stream,332.11116,1.879687,11.050832844513934,0.18487
1237678618481131852,stream,336.17924,1.770361,11.394131107255815,0.16915999999999998
1237678618481460021,stream,336.9310700000001,1.821661,11.615603747442947,0.40395
1237678618481852761,stream,337.80014,1.872684,11.44338832158246,0.30243000000000003
1237678618482312003,shell,338.89812,2.02947,11.324934723365006,0.25534
1237678618482573636,stream,339.49814,1.905598,11.558776446734555,0.19632
1237678618483032283,shell,340.43338,2.03187,11.529702480809648,0.14253
1237678618483949714,stream,342.51932,1.943033,11.691499769003713,0.27991
1237678618484080875,stream,342.91124,2.0588040000000003,11.472836140485015,0.1839
1237678619015381215,stream,330.08499,2.114138,11.768624503863974,0.19697
1237678619015577815,stream,330.54394,2.123062,11.446784843807109,0.13412000000000002
1237678619015971054,stream,331.4050200000001,2.193835,11.4453502480319,0.11735
1237678619016561132,stream,332.81067,2.183467,11.447849575706641,0.25834
1237678619017019784,stream,333.86925,2.311227,11.012620643305128,0.11748
1237678619018330386,shell,336.87676,2.384113,11.636671524902338,0.14785
1237678619018985815,stream,338.36426,2.26168,11.481034215830732,0.21918
1237678619019378950,stream,339.28779,2.257178,11.508846753218675,0.2288800000000001
1237678619019379506,stream,339.24495,2.446957,11.579510869050866,0.35368
1237678619019510105,shell,339.54172,2.3782520000000003,11.689318426608224,0.27038
1237678619555660070,shell,337.92941,2.653602,11.360798740410244,0.16464
1237678619557102474,stream,341.25739,2.764166,11.643651054764636,0.4206
1237678619557167421,stream,341.3344600000001,2.733419,11.57747560518328,0.27657
1237678620090433741,stream,333.0591,3.105369,11.522333583940053,0.19966
1237678620092137864,stream,337.02319,3.116755,11.561216688132848,0.22524
1237678879422873833,stream,29.368796000000003,-3.233453,11.725869657180738,0.37477
1237678879424184476,stream,32.433888,-3.069283,11.761408762540665,0.16516
1237678879424249988,shell,32.573053,-3.165264,12.150419092969965,0.24492
1237678879959613644,shell,29.190642,-2.718779,11.853645294439044,0.3721
1237678879959875726,stream,29.667484,-2.82556,11.511680985568091,0.17652
1237678879960072638,stream,30.15775,-2.794722,11.42376095871441,0.32988
1237678879960203434,shell,30.410035,-2.784901,11.604119962372351,0.13693
1237678879960268961,shell,30.558167,-2.678071,11.687239925900938,0.17743
1237678879960465604,stream,31.103456,-2.811455,11.023104438849261,0.07504
1237678879961055328,stream,32.425823,-2.750701,11.773331948032133,0.2079
1237678879961120860,stream,32.501627,-2.752868,11.625312317162752,0.20636
1237678879962431599,stream,35.57615900000001,-2.733835,11.378012363871678,0.17445
1237678879962497141,shell,35.748117,-2.6672290000000003,11.740301125493716,0.23724
1237678879962562736,shell,35.836735,-2.5839220000000003,11.772743250476196,0.294
1237678879962890422,stream,36.568989,-2.745698,11.991320520828594,0.2941
1237678879962890426,shell,36.578485,-2.716512,11.397597373113966,0.21577
1237678879963152498,stream,37.149461,-2.671406,10.945940748526482,0.05355
1237678879963218133,stream,37.370705,-2.558001,11.633174435584804,0.25338
1237678879963480730,stream,38.031238,-2.571532,11.704617950075773,0.36534
1237678879963938936,stream,39.027675,-2.5116110000000003,11.508294067229144,0.18871
1237678880497074295,stream,30.448907,-2.408356,11.47292098129401,0.13652
1237678880497139894,shell,30.555703,-2.313,11.54720910434844,0.17698
1237678880497205395,stream,30.741442,-2.314336,11.395081751572436,0.17797000000000002
1237678880497270883,stream,30.904847,-2.308047,11.731319000653455,0.17811
1237678880497402054,stream,31.244192,-2.355604,11.332396696539945,0.18688
1237678880498647234,shell,34.122945,-2.286454,11.20578191714594,0.14103
1237678880499695758,stream,36.411534,-2.237376,11.90043829860224,0.36025
1237678880499892364,shell,36.947993,-2.223153,11.47674827836454,0.21034
1237678880500220095,stream,37.590761,-2.288951,11.528211734083015,0.21196
1237678881033552134,stream,29.599245,-1.881956,11.311632652243135,0.16502
1237678881033814192,stream,30.173269,-1.937599,11.388820621941704,0.20136
1237678881034469609,stream,31.642806,-1.890338,11.879759451898279,0.17931
1237678881036501099,stream,36.306869,-1.91082,10.89256460411707,0.07157999999999999
1237678881036501111,stream,36.30791,-1.860566,11.35663578036474,0.1731
1237678881036959899,stream,37.308786,-1.898633,11.89023819589056,0.32609
1237678881545191612,stream,331.87221,-1.4263370000000002,11.047065363265574,0.09609
1237678881545519282,stream,332.6062,-1.408642,10.824165699465084,0.05591
1237678881546961237,shell,335.95339,-1.427345,11.654182606842367,0.30983
1237678881546961552,stream,335.92155,-1.544274,11.774913099943658,0.31366
1237678881572716917,stream,34.771337,-1.464291,11.85656650387682,0.35161
1237678888522350814,stream,29.170978,-3.049666,11.572939978912473,0.2971
1237678888522743868,stream,29.980892,-3.028096,11.368134373944486,0.17584
1237678888522743941,stream,29.975458000000003,-2.973018,11.465546544932295,0.25626
1237678888523202691,stream,31.026225,-2.905376,11.490259145779419,0.23711
1237678888523464847,stream,31.688716,-3.05453,10.862158569972964,0.0834
1237678888524186419,stream,33.362751,-2.9229830000000003,11.826629627626971,0.35488000000000003
1237678888524513388,stream,34.037855,-2.832573,11.67552695950144,0.2295
1237678888525234445,stream,35.703573,-2.886054,11.75747995977872,0.2601
1237678888525365382,stream,36.008482,-2.881292,9.67413386660337,0.1029
1237678888525496540,shell,36.2984,-2.919353,11.612768734732525,0.284
1237678888525627659,stream,36.637508,-2.899607,11.946764092368536,0.28112
1237678888525955453,stream,37.296906,-2.839409,11.54222821642179,0.37023
1237678888526151876,shell,37.844404,-2.90254,11.903346246515865,0.24021
1237678889061318865,stream,33.956705,-2.440866,11.091808866272912,0.08317999999999999
1237678889062563925,stream,36.703,-2.5064900000000003,11.332921585868466,0.17914000000000002
1237678889062760657,stream,37.179516,-2.454209,11.54805903835222,0.28678000000000003
1237678889063415998,stream,38.686119,-2.29545,11.590532652800903,0.35723
1237678889596289770,stream,29.622516,-2.263395,11.437586958752945,0.4413
1237678889596485784,stream,30.006808000000003,-2.1462790000000003,11.43491935619386,0.24976
1237678889598320800,stream,34.190119,-2.000735,10.829969388563766,0.06162
1237678889598386291,stream,34.326205,-2.166299,11.709030282509048,0.25017
1237678889598386340,stream,34.324223,-2.170144,11.421275855449496,0.24959
1237678889598648484,stream,34.999503000000004,-2.155212,11.502555410494097,0.26686
1237678889599172718,stream,36.07553400000001,-2.030133,11.935884649283247,0.25765
1237678889599173391,stream,36.198868,-2.072428,11.4209041428403,0.3261
1237678889599762541,stream,37.504019,-1.965194,11.616600121662483,0.17422
1237678889599763058,stream,37.499931,-2.058655,11.721136272477453,0.34139
1237678889600352501,stream,38.803911,-1.9122740000000005,11.366074183330054,0.32368
1237678890133160216,stream,29.607968,-1.777616,11.786282689514337,0.16326
1237678890133226168,stream,29.686755,-1.786611,11.58195223812072,0.43929
1237678890135191789,stream,34.174987,-1.762479,11.352502384979744,0.30065
1237678890135912536,stream,35.845025,-1.687068,11.549803463043645,0.20787
1237678890136961124,stream,38.162794,-1.661032,11.288925446249776,0.14472000000000002
1237678890137223386,stream,38.867129,-1.535009,11.385023537965026,0.17301
1237679253062090821,stream,37.239077,-5.081192,10.586649234690412,0.05567
1237679253062090870,stream,37.30412000000001,-5.18909,10.634995461150536,0.07368999999999999
1237679253062877322,shell,39.053597,-5.164999,11.8972091806354,0.20063
1237679253597519966,stream,33.9329834,-4.84657,10.540419550758088,0.09805
1237679253597978780,stream,35.004962,-4.888918,11.855451976414768,0.33438
1237679253598306393,stream,35.73331599999999,-4.900144,11.479310592869297,0.20517
1237679253599879391,stream,39.385644,-4.559574,11.84753217844991,0.36274
1237679254132293727,stream,29.145705,-4.650756,11.449842629313936,0.13365
1237679254134849784,stream,35.026249,-4.407518,10.743116912606638,0.0695
1237679254135439502,stream,36.3523521,-4.3524980000000015,11.48970404479769,0.14171
1237679254669361445,stream,29.555371,-4.257786,11.916340309078805,0.28291
1237679254671655151,stream,34.924116999999995,-4.009302,11.53796368953772,0.20437
1237679255206232144,stream,29.523415000000004,-3.892929,11.238422739901583,0.09978
1237679255746707571,stream,37.774889,-2.98536,11.42838417243911,0.14105
1237679321786941824,stream,33.533882,-5.592713,11.786059306381507,0.44528
1237679321787531404,stream,34.876611,-5.5144129999999985,11.084887346005416,0.08429
1237679321789366433,shell,39.157044,-5.2011910000000015,11.748347495798953,0.30508
1237679321789432030,stream,39.200311,-5.204093,11.794850592297735,0.30164
1237679322321846538,shell,28.986223,-5.3716019999999975,11.818498043750875,0.24394
1237679322322109096,stream,29.69397,-5.362357,11.870826873098853,0.40255
1237679322324926596,stream,36.070867,-5.0568290000000005,11.463554922200274,0.14332
1237679322325647908,stream,37.722831,-4.858561,11.8685606939398,0.29393
1237679322858913948,stream,29.394191,-4.85032,11.637473545211833,0.30706999999999995
1237679322861404244,stream,35.152699,-4.622742,11.515797290718186,0.19934
1237679322861404285,stream,35.216173,-4.655921,11.528636223069045,0.20443
1237679323395653844,stream,29.149186,-4.411729,11.769259589200376,0.35971
1237679323932655751,stream,29.471811,-4.116715,11.782008198337278,0.28286
1237679323936784550,stream,38.918603,-3.678731,11.55027710669674,0.28598
1237679323936915722,stream,39.114246,-3.63615,12.118996912817238,0.36252
1237679324469592249,stream,29.632815,-3.642433,11.441979054769034,0.16652
1237679324471230584,stream,33.333618,-3.4879300000000004,11.138694886642044,0.07547000000000001
1237679339494441174,stream,33.626868,-7.121064,11.572895727411378,0.22521
1237679339496997272,stream,39.413742,-6.753589999999999,11.647145397437267,0.28567
1237679340029739176,stream,29.931463,-6.9849830000000015,11.394774737709668,0.23601
1237679340567986318,stream,33.099596000000005,-6.402952,11.33513008823502,0.22761
1237679340568183296,shell,33.528083,-6.2299190000000015,11.887566625955515,0.4307
1237679340569297066,stream,36.017047,-6.088838,11.765949271735735,0.31947
1237679340570869819,stream,39.63131,-5.934001,11.072214254294524,0.08035
1237679341103284399,stream,29.48785100000001,-6.179973,11.491171598740035,0.12174
1237679438278230300,stream,36.459656,-7.048477,10.618549688799249,0.05351
1237679438815035558,stream,36.231951,-6.747363000000001,11.617657834693091,0.2028
1237679438816215208,stream,38.891893,-6.570349,11.358299026440365,0.18035
1237679439348891965,stream,29.223705,-6.667352,11.706223516608588,0.23209
1237679439349153937,stream,29.867415,-6.739560000000001,11.691042932186976,0.15972
1237679439353282762,stream,39.349577,-6.0590129999999975,11.545248305075805,0.23205
1237679439885566203,stream,28.853185,-6.252981,11.259360101146743,0.11886
1237679439889432810,stream,37.633666,-5.726942,11.466351006703913,0.19196
1237679439889957148,stream,38.846339,-5.74139,11.739876020234075,0.34027
1237679439890219153,stream,39.393103,-5.570995,11.723327484738547,0.36834
1237679440422699151,stream,29.387631,-5.8121,11.69422614182986,0.12859
1237679440423747750,stream,31.780938,-5.709779,11.235604682238774,0.1328
1237679440425975958,stream,36.883062,-5.403611,10.93386678083334,0.19286
1237679440426303633,stream,37.695709,-5.473272,11.018885435129054,0.12766
1237679998229742548,stream,330.69672,-1.5473709999999998,11.709694055025466,0.36374
1237679998770413870,stream,339.36915,-1.398176,11.293688511737855,0.18854
1237680000376963289,stream,32.558928,-2.009325,11.28643649429432,0.14157999999999998
1237680000913375400,stream,31.370065000000004,-2.378172,11.50993015203858,0.18548
1237680001450246262,stream,31.15595200000001,-2.222841,11.521534043218708,0.1767
1237680001450246598,stream,31.17638,-2.210391,11.112643920932896,0.39783
1237680001450311976,stream,31.159246000000003,-2.0083990000000003,11.693494043283865,0.24926
