# thingid,z,specz_ra,specz_dec,logms_pca_bc03
126899122,0.26038,133.0245056,1.748832,11.693845873199999
1237663542613573849,0.24439,340.1976,-0.513003,10.971954467473552
64474270,0.07721,214.3178864,-1.589232,11.5665858732
100844077,0.19233,213.5736847,0.226841,11.3526258732
122960165,0.39236,333.69456,1.130711,11.721357835165687
89465721,0.0936,180.69439,-0.247511,9.691379617579514
65308841,0.07693,178.4807739,-1.466661,11.109035873199996
84680413,0.06262000000000001,182.1842651,-0.54084,11.614755873199996
49084122,0.2644,36.121317,-4.165344,11.555799388850572
1237679321789366433,0.30508,39.157044,-5.2011910000000015,11.748347495798953
51175866,0.35528000000000004,33.965627000000005,-3.64478,11.721285812032876
1237659325490332008,0.25826,242.35453,42.911651,11.676939277997008
126902446,0.10436,137.2038727,1.72633,10.9964858732
43983051,0.12775,33.801082,-5.422137,11.26681507524336
63530114,0.28423000000000004,218.6695557,-1.71118,11.6345758732
1237654605853688196,0.25832,139.64667,3.921746,11.668614899448585
88503527,0.05315,215.2985077,-0.3727,10.465875873199998
90553349,0.30421,213.6316986,-0.296811,11.5522758732
1237661388150210754,0.23604,238.85799,43.749897,11.493534821391222
1237648704057180827,0.44235,222.1079,-0.259633,11.659854428551624
60628325,0.13338,219.14652,-2.08218,11.784185873199997
130172119,0.07096000000000001,134.568924,2.0218990000000003,10.7809258732
104581982,0.13059,217.7449188,0.406691,11.393895873199996
1237648720712106076,0.2084300000000001,221.6482391,-0.536755,11.52178824834118
130118121,0.07549,131.3366699,2.003979,11.423225873199996
1237678617945571745,0.14898,339.19458,1.611616,11.715052454033868
1237679322321846538,0.24394,28.986223,-5.3716019999999975,11.818498043750875
103147506,0.19837,179.8873749,0.372891,11.566425873199996
86174364,0.11506,219.7867126,-0.536381,11.434915873199998
113492441,0.0778,130.4485168,0.81934,11.402375873199999
48085442,0.14021,33.639258,-4.4865309999999985,11.662896962618106
104581981,0.13053,217.74501040000004,0.404629,11.180885873199998
88993477,0.13795,219.4326477,-0.316051,11.891245873199999
1237654605317013856,0.35864,140.07093,3.411822,11.458715700311586
1237678618483032283,0.14253,340.43338,2.03187,11.529702480809648
1237663543686332582,0.25296,337.8629200000001,0.209424,11.464047182002108
76007299,0.17192000000000002,216.2546082,-1.0360200000000002,11.396625873199996
46109332,0.18048,33.138627,-4.809054,11.475782374909613
89490570,0.09917,177.6204376,-0.349712,11.215735873199996
89486167,0.08072,178.2913513,-0.398989,11.071975873199998
126896102,0.37416,335.29674,1.627422,11.715582556498704
1237678617945506284,0.10054,339.01145,1.585061,11.235372132970953
43437386,0.24447,36.556648,-5.446129,11.995359422144249
108290028,0.0576,133.5057526,0.558968,10.997175873199996
1237678597540479043,0.10664,329.93658,2.340176,11.45224888068333
1237678881546961237,0.30983,335.95339,-1.427345,11.654182606842367
78316059,0.12548,213.8872528,-0.747728,11.484505873199996
1237650795142316440,0.23066,137.1397858,-0.794568,11.529418369202174
1237678619019510105,0.27038,339.54172,2.3782520000000003,11.689318426608224
125330491,0.05304,214.0442505,1.541398,10.373345873199998
124779689,0.13651,217.6096802,1.3202200000000002,11.469755873199999
1237654601017131636,0.36185,128.52581999999998,2.55581,11.723075708956456
1237678619018330386,0.14785,336.87676,2.384113,11.636671524902338
1237648720172744998,0.13452,215.99748230000003,-0.890645,11.65865017735632
113866887,0.07753,214.3811646,0.77165,11.351315873199999
1237678879960203434,0.13693,30.410035,-2.784901,11.604119962372351
41724329,0.19817,34.537014,-5.806712,11.266199826786758
1237655499204460964,0.39992,210.79167,-1.995633,11.668350623775039
86180598,0.14861,220.4402771,-0.470612,11.467835873199999
86173007,0.07337,219.6317139,-0.599412,10.746655873199996
1237655468060836074,0.37907,225.59233,1.128386,11.585510499498925
126371487,0.11277,218.22151180000003,1.540023,11.478695039229931
66928690,0.10675,220.2304077,-1.410082,11.570035873199997
70161480,0.09833,334.4140700000001,-1.118,11.204745873199997
45638094,0.14309000000000002,36.813286,-5.075667,11.612344856082927
95127765,0.09574,213.0166626,-0.020079,11.096925873199996
89483448,0.16184,178.5616608,-0.26893,11.259165873199999
99009222,0.35979,139.1792755,0.07310900000000001,12.036277024817537
53740353,0.28729,31.273047,-3.152788,11.793319563366824
51065207,0.05694,33.69701,-3.699995,10.639740747981703
1237655498668245195,0.34512,212.28739,-2.408337,11.64915868814569
61955923,0.056379999999999986,218.18436,-2.088829,10.606845873200001
66734977,0.08121,179.7591858,-1.313052,11.4085558732
1237660025032540494,0.20701,341.56823,-0.685412,11.356206083029974
114549745,0.19579,140.116272,0.80887,11.371775873199999
66876235,0.11525,220.0042572,-1.301408,11.054285873199998
1237656906343121194,0.28891999999999995,332.74213,-0.964674,11.452409093995811
63646338,0.16315,181.68991090000003,-1.85499,11.527725873199996
1237659330849866087,0.23256,242.78525,43.637842,11.334382120941882
50946846,0.32624000000000003,37.559158,-3.723848,11.972759539610704
78512551,0.05256,215.944519,-0.6641090000000001,11.078065873199996
1237678597006688598,0.26799,337.0870700000001,2.041513,11.794802375719886
85432550,0.18429,136.3679199,-0.5747720000000001,11.439905873199999
41451925,0.20599,33.610786,-5.872878,11.534422517579515
108280405,0.19608,132.6424561,0.445808,11.546215873199998
89896570,0.16238,139.3572083,-0.35557,11.180545873199996
125175898,0.14081,139.6719971,1.462342,11.275195873199998
98608070,0.11545,181.7090912,0.056092,11.030735873199998
41235486,0.29738000000000003,32.851158,-5.841469,11.732102404814215
47628323,0.27071,32.994941,-4.6239940000000015,11.647433489968536
1237678595933929711,0.07215,339.3470200000001,1.36212,10.813265685224907
1237658423544971512,0.2278,139.65328,5.1825,11.523858204338467
98603245,0.20398,182.3661652,0.023612,11.754055873199999
45638082,0.14925,36.785813,-5.074324,10.750272496894468
1237673701817122892,0.18397,38.729596,-5.953579,11.346916929993313
1237660024493965679,0.3302,337.67058,-1.117523,11.774690316524355
52019602,0.18833,37.725606,-3.519092,11.41945607654634
106734971,0.14953,332.8052600000001,0.525043,10.988245873199999
1237678879960268961,0.17743,30.558167,-2.678071,11.687239925900938
1237678596470866067,0.19244,339.39209,1.7352189999999998,11.630946906574536
113922638,0.12822,218.4370422,0.794932,11.833165873199999
1237678597540872582,0.20999,330.93361,2.346813,11.428568502829876
1237661388149883488,0.44927,238.16533,44.362834,11.71582334570121
80098634,0.29257,138.4685364,-0.8423290000000001,11.815405873199998
1237655347820429543,0.13693,243.53632,44.277731,11.343910269381011
107426574,0.13666,219.1148987,0.617399,11.5402658732
124818162,0.10128,217.2692108,1.338201,10.934825873199998
64512275,0.26691,214.5184326,-1.549549,11.563375873199996
49272874,0.20996,37.122084,-4.14657,11.50864106003428
38339122,0.23655,33.607401,-6.461172,12.023470945874578
134644940,0.10699000000000004,133.3192444,2.627822,11.244875873199996
45213196,0.19601,34.801869,-5.083825,11.673170450550973
124863682,0.13375,131.5783997,1.373659,11.219915873199996
49868448,0.21654,30.558567,-3.988626,11.492257387246356
126119447,0.09538,179.29179380000005,1.495219,11.0686058732
66311863,0.05541,216.8988342,-1.372611,10.323815873200001
1237678619555660070,0.16464,337.92941,2.653602,11.360798740410244
62194900,0.12673,179.77923,-2.051708,10.985295873199997
113866033,0.174,214.2173157,0.765072,11.575215873199998
135289926,0.22984,137.60110469999998,2.635231,11.660975873199996
1237674462026793210,0.08308,141.34741,4.509043,11.169424205552788
40783600,0.14895999999999998,34.787871,-5.910467,11.368701681654784
1237678888525496540,0.284,36.2984,-2.919353,11.612768734732525
1237678879962562736,0.294,35.836735,-2.5839220000000003,11.772743250476196
46597279,0.29408,37.018688,-4.849895,11.682748460123547
89899281,0.055810000000000005,139.74624630000002,-0.216428,11.451555873199997
118190889,0.05707,335.36411,0.983381,9.903762873199998
1237678879959613644,0.3721,29.190642,-2.718779,11.853645294439044
38453134,0.30997,30.575676,-6.537419,11.562783801637124
1237678879962497141,0.23724,35.748117,-2.6672290000000003,11.740301125493716
1237655693014008226,0.31471,222.142868,-1.423269,11.497666188675794
1237661386002792891,0.32231,237.45436,42.463727,11.588345512209346
128623678,0.25468,334.86943,1.757067,11.666496726873447
104533263,0.2621,214.741806,0.367902,11.498285374982517
117348260,0.05149,133.22155759999998,1.033012,10.341055873199998
112899603,0.19787,139.4295044,0.796229,11.942545873199997
62954294,0.12812,214.3690338,-1.894952,10.962725873199997
46888181,0.1609,33.689876,-4.652993,11.339475683605995
86106140,0.05109,215.4959564,-0.590349,10.647475873199998
68608669,0.07683999999999999,213.8015442,-1.12855,11.380325873199999
135303386,0.15404,138.9079437,2.691138,11.331075873199996
62125873,0.168,218.91282,-2.031327,10.769005873199998
1237678880498647234,0.14103,34.122945,-2.286454,11.20578191714594
122991678,0.15172,216.0905914,1.236709,11.300995873199996
93859084,0.06165,181.4584351,-0.184442,10.551315873199998
1237678597005312492,0.17665,333.93518,2.025595,11.32372137454513
1237678879424249988,0.24492,32.573053,-3.165264,12.150419092969965
1237663479796990531,0.40878,336.33023,0.509408,11.608159474024431
1237655465396338922,0.13383,245.81714,44.128705,11.416663482217698
70520682,0.05473,218.0134277,-1.167687,10.545365873199998
113937192,0.25901,220.0454712,0.724338,11.647315873199997
104531728,0.0503,214.5170135,0.273831,10.7215858732
66658971,0.15568,181.9253235,-1.388821,11.388655873199998
1237659327101141217,0.2155,243.9627,43.444911,11.453467417362845
42855143,0.29991,33.112449,-5.626558,11.945312102005119
1237651735775740175,0.25913,222.89651490000003,1.364376,11.487825734438955
118098673,0.37202,215.5278625,1.055779,11.497949689946836
82226193,0.12863,214.1191559,-0.50516,11.017865873199996
84016621,0.09316,333.61984,-0.5790930000000001,11.204565873199996
116050345,0.0774,333.3826200000001,0.849274,10.986755873199996
1237678596467393052,0.3222,331.532,1.47534,11.610918499849506
1237678597007737383,0.35919,339.39557,2.101428,11.758245626828284
69270731,0.07224,219.2404175,-1.066781,10.732725873199998
107070991,0.08528999999999999,216.9740143,0.569611,11.239615873199996
119752086,0.13745,219.160675,1.1830120000000002,11.737815873199999
93388565,0.08722,333.34055,-0.05413,10.751475873199999
1237678597540741470,0.13469,330.56054,2.319354,11.376567392377186
123105663,0.05823,334.8510100000001,1.234673,9.7370038732
86105068,0.13831,215.3221893,-0.61737,11.151345873199999
95203601,0.31552,220.4619751,-0.149298,11.489763247431258
61746970,0.19021,216.71456,-2.060397,11.470855873199996
126936666,0.27841,133.15638729999998,1.638262,11.637125873199999
41993103,0.25906,35.484971,-5.758787,11.843035920755938
123175439,0.25082,335.22872,1.1862700000000002,11.5673858732
48420798,0.2094,37.072666,-4.2714349999999985,11.862388361638295
43113926,0.12749000000000002,34.33595,-5.429814,11.342188123031518
100473658,0.12622,177.6073456,0.272242,10.927225873199998
80095905,0.16114,138.286972,-0.663141,11.8135358732
86102871,0.32037,215.0835571,-0.583911,11.823215873199999
93395278,0.12056,333.97111,-0.055127,11.153645873199999
44250785,0.07322000000000001,34.971022,-5.306665,10.561810726387193
128823370,0.18063,214.0785828,1.792979,11.391235873199998
113383198,0.17736,132.79331969999998,0.808422,11.356815873199999
1237659324416262691,0.4157,240.80873,42.935827,11.725320023018869
1237679340568183296,0.4307,33.528083,-6.2299190000000015,11.887566625955515
1237678888526151876,0.24021,37.844404,-2.90254,11.903346246515865
64785584,0.0548,216.5201874,-1.538941,10.443205873199998
1237678879962890426,0.21577,36.578485,-2.716512,11.397597373113966
72479933,0.14889000000000002,213.8397064,-1.002011,11.477055873199998
50102057,0.05704,32.118904,-4.01215,10.563313751510575
66604789,0.13092,218.8196716,-1.387728,11.499085873199999
1237679253062877322,0.20063,39.053597,-5.164999,11.8972091806354
1237671141481906294,0.26185,176.9963226,1.829654,11.465629249461928
51000151,0.32035,37.873226,-3.62631,11.58871903810359
47406793,0.12992,32.708805,-4.649613,11.461230955435893
1237678880499892364,0.21034,36.947993,-2.223153,11.47674827836454
130202834,0.28367,140.3941956,1.97324,11.733995873199998
72479774,0.14923,213.9442444,-0.991778,11.905745873199999
1237650794606232012,0.35356,138.94997,-1.117055,11.737988464825321
1237651753490317800,0.32999,218.4990845,1.839741,11.646068407455461
125351828,0.11703,213.8566895,1.445511,11.695265873199999
98095901,0.1054,219.3185883,0.177291,11.335065873199998
97384735,0.12562,213.3426666,0.141788,10.790775873199998
95146589,0.17504,216.1337738,-0.16534100000000002,11.412325873199999
1237678618482312003,0.25534,338.89812,2.02947,11.324934723365006
42854964,0.30139,33.093686,-5.598939,11.691719184949761
79904867,0.18212,333.29355,-0.64569,11.248995873199997
1237678880497139894,0.17698,30.555703,-2.313,11.54720910434844
72479482,0.13856,213.9203949,-0.8606719999999999,11.049945873199999
1237663543683056067,0.28945,330.5093,0.39204,11.469838940538466
79912616,0.10194,334.29501,-0.8357690000000001,11.212055873199999
1237669770839261278,0.10986,32.795970000000004,-2.971509,11.243868236750133
1237648703515721950,0.26275,211.72052,-0.628305,11.418257070632533
53799381,0.12209,31.736649,-3.164899,11.224131030961873
