# thingid,z,specz_ra,specz_dec,logms_pca_bc03
45523550,0.23789,36.296028,-4.909313,11.544325737573672
62300485,0.09417,177.2011871,-1.884388,11.5015058732
1237678881545191612,0.09609,331.87221,-1.4263370000000002,11.047065363265574
97359178,0.1068,334.95227,0.168122,10.139722873199998
1237678618483949714,0.27991,342.51932,1.943033,11.691499769003713
135559904,0.11858,131.8164673,2.660348,11.606535873199999
1237679322861404285,0.20443,35.216173,-4.655921,11.528636223069045
1237678596467458417,0.32597,331.64049,1.482434,11.596615265647412
132469660,0.20997,129.5739899,2.282469,11.735956252785401
76036364,0.10425,217.5584259,-0.8428559999999999,11.253506364460918
65358913,0.13624,219.6485138,-1.486542,11.206545873199996
134737125,0.05884,139.81994630000003,2.550389,10.429715873200001
1237655463785267906,0.33568000000000003,243.50672000000003,44.063693,11.548852818727028
117336727,0.06074,132.0172729,1.032362,10.101254873199998
1237679998770413870,0.18854,339.36915,-1.398176,11.293688511737855
103078917,0.108,179.4446259,0.297512,10.797135873199997
1237648721247469828,0.13692,218.29417,-0.13538599999999998,11.464105777093213
100844077,0.19233,213.5736847,0.226841,11.3526258732
48973165,0.34861,30.423733,-4.243308,11.681830514135072
97553091,0.12082,214.9940338,0.108348,10.992935873199999
1237678889063415998,0.35723,38.686119,-2.29545,11.590532652800903
1237679440425975958,0.19286,36.883062,-5.403611,10.93386678083334
70168283,0.10725,335.48203,-1.05535,10.966325873199999
124489120,0.13141,181.1665039,1.269288,11.198605873199996
74355953,0.12092,179.5549469,-1.046842,11.372205873199999
117946619,0.12618,217.087677,0.936611,11.015435873199998
1237678881033552134,0.16502,29.599245,-1.881956,11.311632652243135
132004657,0.08903,140.2860107,2.333931,11.436585873199999
112120897,0.14992,333.85116,0.697819,11.025315873199999
1237679253597519966,0.09805,33.9329834,-4.84657,10.540419550758088
80091760,0.21188,137.96356200000002,-0.755099,11.462475873199999
112400868,0.22867,178.7144623,0.6525479999999999,11.583095873199998
1237648703520178572,0.20983,221.8950958,-0.6781,11.50578088714974
62123687,0.32322,181.9729156,-1.915362,11.7092758732
1237673700743839977,0.34243,40.133874,-5.837271,11.920407915662508
1237659161736381021,0.36102,237.13641,42.816079,11.633566595439332
126215972,0.23242,218.8981171,1.476338,11.263535873199999
1237648702979178751,0.27314,212.3824463,-1.150167,11.495806493578133
84693854,0.10008,182.2433472,-0.602688,10.792115873199997
1237679438815035558,0.2028,36.231951,-6.747363000000001,11.617657834693091
1237679254134849784,0.0695,35.026249,-4.407518,10.743116912606638
107183750,0.12902,217.6019135,0.490991,11.134895873199996
89790551,0.05133,130.61721799999998,-0.283541,9.8704918732
1237678880497074295,0.13652,30.448907,-2.408356,11.47292098129401
121372307,0.1251,180.2131653,1.145568,10.8373758732
53014423,0.34956,35.601973,-3.241606,11.79845432373986
1237679324469592249,0.16652,29.632815,-3.642433,11.441979054769034
68550958,0.1818,213.0365906,-1.14478,11.304005873199998
130558838,0.05696,135.3835144,2.0621,10.697055873199998
117354092,0.19342,133.9073639,0.922211,11.206865873199996
51303394,0.29077,34.363373,-3.659067,11.600936447561253
131891138,0.07674,132.0173187,2.219418,10.919625873199998
1237663543686463698,0.30051,338.16983,0.236238,11.25567702596891
50900478,0.26588,32.418344,-3.659286,11.454412523322391
40216897,0.05122,36.289192,-6.073777,10.474852483021095
1237679254135439502,0.14171,36.3523521,-4.3524980000000015,11.48970404479769
1237648720673702335,0.23683,133.93836000000002,-0.560212,11.400817317524345
95198050,0.16376,219.9281464,-0.059059,11.247305873199997
86603890,0.1892,134.5888977,-0.549618,11.347295873199997
1237651735776723792,0.43978,225.19118,1.442987,11.541924254386684
1237655349431828933,0.264,246.50845,43.704142,11.610671923932388
1237679254669361445,0.28291,29.555371,-4.257786,11.916340309078805
65019931,0.05679,218.1162415,-1.5521,9.908642873199998
1237648705126859079,0.26135,212.82667540000003,0.565513,11.704491299227813
1237678889599173391,0.3261,36.198868,-2.072428,11.4209041428403
85692744,0.15552,130.7922668,-0.429082,11.221875873199997
93391560,0.2131,333.64301,-0.129807,10.831125873199998
44436572,0.33027,35.819113,-5.208317,11.800644546747208
1237655692476350844,0.43277,220.38576,-2.000357,11.101210488617651
98949838,0.05346,134.4979858,0.171198,10.090095873200001
65734072,0.1873,214.71891780000004,-1.5196889999999998,11.4497058732
1237648722320359598,0.14332,216.2274475,0.7340369999999999,9.269561796434571
116487899,0.14428,218.0468597,0.902672,10.961395873199999
107525107,0.28223000000000004,220.0049438,0.508729,11.622509213455489
93799552,0.20262,180.6474457,-0.113488,11.466085873199999
1237678598081282281,0.36323,339.0105200000001,2.953011,11.521048215421615
1237648720155967643,0.30865,177.5898743,-1.016701,11.560492794611493
1237650794606231985,0.29602,138.99157,-1.060117,11.897755762969608
106690896,0.053,213.06635,0.522505,8.060000229626894
1237678598081020121,0.19032,338.40352,3.025298,11.6896797457739
108263840,0.28003,130.9902496,0.617309,11.866155873199999
63188702,0.05492,216.29218,-1.803703,10.078651873199998
1237678596471718150,0.05914,341.4061200000001,1.836608,10.563369447365405
45523517,0.08565,36.18496500000001,-5.0818970000000006,11.023206059864604
1237678598077743370,0.17459000000000002,330.85027,2.827671,11.517701936361844
54341326,0.27894,33.458229,-3.084697,11.609190027083967
1237673700206837967,0.18179,40.196691,-6.3162629999999975,11.510080912325066
1237674602142433526,0.11451,212.41349790000004,-0.888922,11.607617495275914
132443571,0.12474,134.108429,2.228052,11.506345873199999
40646158,0.10173,34.317071,-6.066261,11.232854069967287
116082849,0.14403,213.8349762,0.8941020000000001,11.414215873199996
78564447,0.1038,216.427475,-0.7983979999999999,10.675715873199998
1237674461489528876,0.26695,140.68648000000002,3.706786,11.498453827836785
1237678619019379506,0.35368,339.24495,2.446957,11.579510869050866
1237648721232199712,0.1252,183.36179,-0.156397,9.636577376018977
86845936,0.13806,213.734726,-0.359082,11.048865873199999
104130762,0.19436,131.8584747,0.347219,11.443775873199996
1237650796214682009,0.22312,133.9306793,0.113153,11.483330606642994
93392761,0.057579999999999985,333.7913200000001,-0.08230599999999999,10.028095873199998
1237678595930849611,0.31005,332.23907,1.117171,11.542599318665452
70169061,0.10044,335.50456,-1.167889,11.7803658732
1237671127515005615,0.4419300000000001,176.88482,-0.555597,11.773531842743974
74277699,0.1062,177.8348541,-0.974118,11.475225873199998
78871548,0.21946,218.0684662,-0.6723979999999999,11.728090777352918
113417220,0.11052,132.00794979999998,0.693362,10.989405873199999
112128322,0.0675,334.5680200000001,0.63569,9.7828678732
1237679254132293727,0.13365,29.145705,-4.650756,11.449842629313936
43131407,0.24939,34.479814000000005,-5.4480660000000025,11.730382699926851
1237655465396404240,0.35358,245.74523,43.929489,11.441439517366236
123815053,0.0502,220.1555023,1.32204,9.8522678732
1237678618482573636,0.19632,339.49814,1.905598,11.558776446734555
95136856,0.12086,214.8387146,-0.205579,11.186905873199999
1237679321786941824,0.44528,33.533882,-5.592713,11.786059306381507
1237678889600352501,0.32368,38.803911,-1.9122740000000005,11.366074183330054
95168166,0.24341,216.7535553,-0.17463299999999998,11.429538373660762
1237678619018985815,0.21918,338.36426,2.26168,11.481034215830732
62006459,0.20724,218.4806061,-1.88808,11.412235873199997
125166168,0.29822,335.08571,1.376762,11.444506152751273
65364640,0.08245,177.3189545,-1.536409,10.294435873199998
1237678597008261408,0.44404,340.69438,2.10735,11.567261137999596
1237678596467392793,0.09011,331.47666,1.65788,11.065951293567196
1237679339496997272,0.28567,39.413742,-6.753589999999999,11.647145397437267
1237661386001940659,0.26198,235.58024,43.7576,11.335989441926358
1237678596467917239,0.21275,332.75991,1.542189,11.652073793928142
126477554,0.28349,217.5165558,1.566901,11.756645873199997
1237678879962431599,0.17445,35.57615900000001,-2.733835,11.378012363871678
86143224,0.13616,216.9206238,-0.472538,11.429025873199999
1237679998229742548,0.36374,330.69672,-1.5473709999999998,11.709694055025466
1237654601021260290,0.20075,137.92133,3.129021,11.333189828728793
134246925,0.13209,135.767746,2.6040490000000003,10.679525873199998
75345536,0.15103,334.30594,-0.976814,11.2271058732
1237678598078988861,0.44182,333.67409,2.867711,11.759343011726742
38524783,0.05189,30.822642,-6.3700160000000015,10.96279593266081
1237650797286129900,0.29259,128.75647,0.923443,11.516291381616616
1237678889062760657,0.28678000000000003,37.179516,-2.454209,11.54805903835222
1237651736309334436,0.32055,215.37897,2.084516,11.223146816540975
1237655129302696169,0.34472,248.3307,43.251199,11.540831394901032
79548983,0.11995,178.1890564,-0.736408,11.200165873199998
1237663479263134015,0.25482,343.1998700000001,0.143772,11.56252287037205
88841467,0.10503,218.2507629,-0.375271,11.016835873199996
104083773,0.19694,132.7395325,0.356042,11.324575873199999
1237648721766908331,0.36642,178.34031000000004,0.296126,11.496866342786234
54596599,0.21021,38.280946,-3.057375,11.412475658813493
1237678890133160216,0.16326,29.607968,-1.777616,11.786282689514337
128317062,0.11943,217.0810242,1.770591,11.002805873199996
88588919,0.12922999999999998,216.47970580000003,-0.271552,11.062855873199997
86101987,0.13919,215.0024872,-0.545622,11.432055873199998
123243221,0.08738,139.7348633,1.25498,11.090815873199999
93926908,0.13005,182.1820831,-0.160672,11.163665873199998
54098306,0.29761,36.137351,-3.045634,11.350128063058946
104595729,0.28273000000000004,219.3453827,0.258101,11.714455873199999
50432879,0.29894,32.394054,-3.841772,11.716670533060094
66759519,0.07606,178.90049,-1.4013790000000002,10.828395873199996
75344597,0.07681,334.1683,-0.965893,10.086912873200001
1237679439889957148,0.34027,38.846339,-5.74139,11.739876020234075
1237678619015971054,0.11735,331.4050200000001,2.193835,11.4453502480319
121387314,0.08476,180.5495758,1.16004,11.092285873199996
98943415,0.1079,133.8603058,0.061680999999999986,11.132435873199999
1237679321787531404,0.08429,34.876611,-5.5144129999999985,11.084887346005416
105667002,0.19915,137.77577209999998,0.60506,11.674235873199999
50975516,0.31902,37.662526,-3.683244,11.580280526643035
84423688,0.09488,179.68928530000005,-0.454369,10.816925873199999
103078862,0.27135,179.447464,0.222702,11.539335725829005
42279495,0.34085,36.250327,-5.693213,11.621788676944561
124999291,0.30214,216.166214,1.4803309999999998,11.904495873199997
89462151,0.1199,180.909668,-0.352741,10.981015873199999
116698686,0.285,220.1308136,0.932931,11.553257216408383
98166619,0.13337000000000002,219.8668976,0.207269,11.2218058732
89807921,0.05084,131.9487762,-0.380952,10.958085873199996
43280115,0.33276999999999995,36.209603,-5.489699,11.769542188441848
93692959,0.16455999999999998,179.466568,-0.165682,11.011985873199999
1237678597003673937,0.19615,330.10032,2.025835,11.695159041060831
128280932,0.18184,137.4567108,1.813198,11.507965873199996
1237678879962890422,0.2941,36.568989,-2.745698,11.991320520828594
1237679322325647908,0.29393,37.722831,-4.858561,11.8685606939398
1237679253597978780,0.33438,35.004962,-4.888918,11.855451976414768
36867751,0.14004,35.57965,-6.8103130000000025,11.605011969062614
41095405,0.31041,35.70689,-6.025213,11.638342705729885
1237678598080299340,0.22581,336.7842,2.995341,11.626680451503491
1237678597544411354,0.13563,339.04403,2.606879,11.387760417012036
1237678880497402054,0.18688,31.244192,-2.355604,11.332396696539945
93643922,0.12845,178.10931399999996,-0.109972,11.153655873199996
1237648703515263136,0.16393,210.59208,-0.75298,10.651120708149392
1237655349969092763,0.22656,247.64883,43.335624,11.473624122387266
134001690,0.31753000000000003,132.266922,2.493531,11.405484560193145
88315374,0.09478,334.66636,-0.400523,11.003835873199996
107515484,0.14982,219.865921,0.5489,11.237875873199997
136919782,0.31871,140.04574580000002,2.846348,11.42477996397065
75359475,0.09276,332.98732,-1.035758,10.8885658732
1237661386540056731,0.07112,238.74771,42.103073,8.377557071969022
1237678597004329835,0.43425,331.6242200000001,2.067439,11.886351388180628
66899235,0.13764,220.1219025,-1.325148,11.416665873199998
133981768,0.12932000000000002,135.3066254,2.472129,11.291785873199997
1237678596467851579,0.14865,332.6002299999999,1.608796,11.31398866319796
80808583,0.10144,215.039856,-0.673488,10.571075873199998
1237679323395653844,0.35971,29.149186,-4.411729,11.769259589200376
1237678617945637220,0.22801,339.26976,1.488989,11.400435246920097
1237678619557102474,0.4206,341.25739,2.764166,11.643651054764636
88929505,0.05695,218.9289551,-0.292872,9.616991873199998
125056522,0.28038,215.6219635,1.434982,11.670260976796277
49304999,0.36851,37.247562,-4.179242,11.672135930304648
113932808,0.12730999999999998,219.541687,0.8114210000000001,10.679465873199998
102738403,0.3167,333.12961,0.37677,11.176185873199996
1237678879960465604,0.07504,31.103456,-2.811455,11.023104438849261
43783435,0.13742,32.740781,-5.283428,10.763085436658
1237678889598386291,0.25017,34.326205,-2.166299,11.709030282509048
138226732,0.0997,136.5258636,2.961909,11.267635873199996
46718250,0.0875,32.827480300000005,-4.7172839999999985,8.167752160297368
69755845,0.12120999999999996,179.5415955,-1.076368,11.454005873199996
68642447,0.1945,217.9098816,-1.246792,11.308896383561661
1237678596472111317,0.17521,342.28523,1.814551,11.323516606673365
1237648722305745128,0.27281,182.9702301,0.811991,11.536572427648935
126823836,0.23142,334.7557700000001,1.670333,11.392872228345368
75994283,0.08396,214.99922180000004,-0.990452,11.211595873199999
63815031,0.08311,177.47663880000005,-1.6435990000000005,10.8659958732
1237655349969224462,0.41106,247.92837000000003,43.023308,11.497085758732286
135771971,0.16405,129.18757630000002,2.647827,11.506576193438375
1237655692476809546,0.29512,221.51474,-1.850107,11.410535094139053
64802000,0.08242999999999999,216.63218,-1.690907,11.355568861414213
1237678597005705610,0.15936,334.7176100000001,2.0693490000000003,11.432146465580445
1237679323936784550,0.28598,38.918603,-3.678731,11.55027710669674
94751089,0.15467999999999998,130.3135986,-0.154116,11.437230505282061
54060645,0.0682,33.81078,-3.0308080000000004,10.821885787736392
122993472,0.10632,177.4713135,1.165041,10.199095873200001
124481361,0.08315,180.9650574,1.29509,11.078995873199997
40001007,0.10745,32.266268,-6.195109,11.343072542687874
1237663445442363679,0.28563,342.96285,0.755234,11.468664902437013
118208357,0.38766,139.69681,0.954163,-9998.840814126801
1237678596470276328,0.15142,338.08456,1.607577,11.58275055816921
1237678617405358345,0.14213,331.45491,1.034274,10.829906523911633
1237679253062090870,0.07368999999999999,37.30412000000001,-5.18909,10.634995461150536
45581110,0.05409,36.518867,-4.992736,10.958717226152661
1237674602677862526,0.24414,209.8584,1.373307,11.605343381743296
1237660025033458105,0.4429300000000001,343.61758,-0.659025,11.61415419842524
1237660024495800623,0.22688000000000005,341.76514,-1.224104,11.323769896291196
1237678880497205395,0.17797000000000002,30.741442,-2.314336,11.395081751572436
1237678598081282279,0.19031,339.00983,2.951405,11.356492649647407
1237679253599879391,0.36274,39.385644,-4.559574,11.84753217844991
1237678617945637119,0.23036,339.29938,1.512269,11.655361222685316
64649128,0.10143,215.4253235,-1.6873490000000002,11.513205873199999
68833689,0.17695999999999998,215.9957886,-1.075112,11.545105873199999
98639097,0.07693,177.9992065,0.168561,11.094575873199997
1237648721786306917,0.29674,222.7398071,0.2326280000000001,11.455957589991158
82229189,0.13879,214.7138824,-0.56194,11.189795873199998
74287148,0.3443,177.89011000000005,-1.016351,11.46279349119868
46903246,0.25287,38.53621,-4.778582,11.75344777216378
89082253,0.14107999999999998,220.9374237,-0.25066,10.848185873199997
1237678888525234445,0.2601,35.703573,-2.886054,11.75747995977872
95177332,0.06402999999999999,217.5276947,-0.05776,10.2842258732
1237674603752522610,0.32598,212.1133118,0.774453,11.256215037530637
40334258,0.13942000000000002,33.274901,-6.150333,11.583391106250927
128930942,0.27486,133.8612061,1.794462,11.649795873199999
1237659330312209286,0.3662,240.47154,44.571522,11.559087122790515
1237679322324926596,0.14332,36.070867,-5.0568290000000005,11.463554922200274
1237678890137223386,0.17301,38.867129,-1.535009,11.385023537965026
66759555,0.12716,179.0449524,-1.266798,11.153085873199997
127513628,0.36751,220.661087,1.7009740000000002,11.814637786941605
60558308,0.09993,182.43181,-2.083211,11.420925873199996
96010403,0.13556,213.9673309,0.070009,10.984535873199999
1237648722842615989,0.43978,182.96018,1.199964,11.679387642579968
1237678596469686412,0.26976,336.7512,1.747874,11.481042760540733
40514858,0.16618,30.354476,-6.092467,11.303988739498893
108263703,0.26559,130.96069340000003,0.6118,11.589165873199999
132083264,0.32133,132.8386536,2.29418,11.805755873199999
74979360,0.10307,138.8115082,-0.849311,10.578535873199998
63095797,0.27736,215.4936523,-1.825999,11.481025873199997
1237669770302455946,0.13938,33.066409,-2.767344,11.258694224103241
123147622,0.30753,137.78866580000002,1.239347,11.554134006495588
62249030,0.22499,178.61127,-2.004316,11.472595873199998
1237651735774036765,0.35409,219.05818,1.638394,11.301846661663149
63772774,0.13158,178.3075409,-1.781122,11.0347758732
1237678618479362366,0.18487,332.11116,1.879687,11.050832844513934
132603289,0.10577,135.8439331,2.31502,11.253545873199997
106724233,0.20428,333.47066,0.579557,11.207958785817027
1237678879963218133,0.25338,37.370705,-2.558001,11.633174435584804
1237678597541069095,0.1008,331.34795,2.402214,10.977453860919924
106728346,0.1733,333.17785,0.590233,11.281335873199996
62163214,0.05451,219.05806,-2.016753,9.935849553265145
66914642,0.10352,213.6785889,-1.310352,10.136509873199998
1237650795675386610,0.41495,128.52647,-0.265377,11.70652686827816
113428779,0.19499,131.634613,0.697241,11.591565873199999
47410531,0.13635999999999998,31.618379,-4.68626,11.449544479968607
1237663543686070469,0.12953,337.28894,0.4145180000000001,11.501040788425598
1237655347820233040,0.30218,243.1289,44.547243,11.727929335669616
123877434,0.13432,219.8984528,1.238181,11.272355873199999
79530841,0.37978,180.1791382,-0.644829,-9998.840814126801
64802605,0.13942000000000002,216.6356659,-1.58867,11.0425658732
79179227,0.10839,220.5109863,-0.735808,10.908155873199997
1237680000376963289,0.14157999999999998,32.558928,-2.009325,11.28643649429432
109144164,0.05647000000000001,139.8692474,0.704658,9.545550873199998
1237655177082045143,0.44964,136.17533,-1.613705,11.390574507298885
1237678596471718151,0.15270999999999998,341.40708,1.83556,11.630202565807853
125143490,0.21034,334.98736,1.392257,11.312050142267251
1237678881545519282,0.05591,332.6062,-1.408642,10.824165699465084
68857298,0.10376,216.28089900000003,-1.04698,11.135845395154321
128263774,0.31854,217.3797607,1.793613,11.864217845082749
104600386,0.19741,219.9249268,0.230669,11.040585873199998
1237651752952726043,0.37546,216.86645,1.302369,11.806166523718277
102764935,0.06055,335.1274,0.29652,10.765745873199997
104543559,0.32266,216.0727081,0.226562,11.587112937791971
1237648720707846449,0.26358000000000004,211.9698792,-0.4888810000000001,11.089188081648901
1237678880497270883,0.17811,30.904847,-2.308047,11.731319000653455
1237653622837019102,0.37204,128.93767,1.819285,11.574890707153829
76054926,0.14454,219.763443,-0.984062,11.325365873199999
95142696,0.34247,215.7168884,-0.016347,11.691833317861896
128880082,0.2270800000000001,137.65812680000002,1.948592,11.402855873199996
93821271,0.11958,181.0006866,-0.166328,10.966565873199999
66659007,0.18073,182.0047607,-1.298092,11.5800058732
1237679324471230584,0.07547000000000001,33.333618,-3.4879300000000004,11.138694886642044
124757056,0.15980999999999998,217.7168579,1.309618,11.525145873199996
1237678598078988632,0.2486,333.69715,2.902192,11.361384663381616
1237648703521358183,0.19965,224.57845,-0.694149,11.36093392992916
106697641,0.17093,335.34399,0.4613600000000001,11.463105873199996
48468464,0.2994,32.396276,-4.262524,11.720411158225033
1237679321789432030,0.30164,39.200311,-5.204093,11.794850592297735
104106702,0.16535,132.25233459999998,0.230358,11.300135873199999
47256139,0.20046,35.56480999999999,-4.531833,11.349298271117732
43232572,0.08421000000000001,34.901708,-5.522313,11.007221654988825
61664664,0.08215,216.03935,-2.043814,10.4593358732
128472200,0.05546,216.0229492,1.799438,10.1347328732
126955235,0.05455,214.472229,1.639668,10.358115873200001
42677347,0.24026,37.400908,-5.561667,11.326727891791961
1237669771912675471,0.21506,31.805036,-3.630502,11.438106990186498
134409318,0.08405,140.390274,2.584502,11.1130858732
126585115,0.21714,216.7391815,1.6596419999999998,11.58772541039798
1237673700743446584,0.21458,39.443329,-6.510599,11.670145318043067
124481498,0.08353,181.0082092,1.444899,11.419425873199996
1237678595935633697,0.19159,343.22688,1.338027,11.312813404365444
126228247,0.15891,182.2307434,1.61684,11.416135873199996
39749908,0.22693,31.433005,-6.16711,11.531616801017664
134349765,0.31535,137.9116364,2.6070740000000003,11.573166729707735
1237679438816215208,0.18035,38.891893,-6.570349,11.358299026440365
1237679323932655751,0.28286,29.471811,-4.116715,11.782008198337278
130392339,0.057579999999999985,134.99481200000002,2.05273,9.6275888732
1237678597544607996,0.20626,339.41077,2.664899,11.569766078144312
1237678879961120860,0.20636,32.501627,-2.752868,11.625312317162752
94668031,0.12834,132.0230713,-0.037268,10.622845873200001
50203676,0.0949,32.984648,-3.825208,11.100850084956619
113873593,0.07514,215.3031464,0.824358,10.586425873199998
84336605,0.12609,178.4056396,-0.60091,11.070495873199999
1237653665787019768,0.35999000000000003,130.04737849999998,2.10255,11.825212426439974
128519494,0.15579,215.7158508,1.7567400000000002,11.357105873199997
1237658297910493554,0.19124,128.99934,3.021807,11.515123752353249
1237651735774429663,0.41256,219.8611755,1.463226,11.877008055278564
1237679322861404244,0.19934,35.152699,-4.622742,11.515797290718186
124971344,0.1025,216.32544,1.373458,10.360205873199998
86098768,0.08221,214.3835907,-0.484892,10.7656758732
1237679438278230300,0.05351,36.459656,-7.048477,10.618549688799249
62421056,0.18168,220.3409576,-1.840478,11.212195873199999
1237679253598306393,0.20517,35.73331599999999,-4.900144,11.479310592869297
1237678595933405503,0.16408,338.11405,1.271956,11.395757121033967
1237678596471259312,0.07048,340.30034,1.770177,10.878961437018006
112126186,0.05703,334.36016,0.8246100000000001,10.801895873199998
137629897,0.2362,132.33578490000002,2.882938,11.629785873199998
103147394,0.0693,179.9157562,0.391761,10.1763558732
123557400,0.2112,139.4944763,1.373729,11.753085873199996
1237678597542052068,0.14969000000000002,333.54524,2.405457,11.177775744072278
66814891,0.16025,177.6383362,-1.354538,11.3975258732
80805299,0.15341,177.1368103,-0.73585,11.260465873199998
124481512,0.08251,181.0147552,1.373622,11.159805873199996
133484475,0.113,131.2196808,2.38033,11.061115873199999
1237678617943212592,0.28406,333.76266,1.376189,11.721397508925293
120079772,0.0528,135.5595856,1.11745,10.0129348732
1237663543687840345,0.35758,341.3531200000001,0.355145,11.476355813327244
107985733,0.10258,180.9687347,0.529698,9.9943078732
1237678620090433741,0.19966,333.0591,3.105369,11.522333583940053
1237680000913375400,0.18548,31.370065000000004,-2.378172,11.50993015203858
117094119,0.1132,181.5900269,0.948129,11.339695873199997
1237678596470538546,0.43984,338.65596,1.6192030000000002,11.47680565272458
86142788,0.32039,216.8183746,-0.49271,11.759225873199997
1237648704589594980,0.31373,211.9736481,0.155284,11.623116221977398
135671915,0.12868,135.0062256,2.733348,11.300225873199999
1237663543151100469,0.43409,341.6379,-0.167708,11.82779445470078
128935534,0.08499,140.026825,1.968791,11.570375873199996
138376848,0.38717,133.56544,2.962952,11.865399151240124
65177338,0.1794,218.8714142,-1.4857790000000002,11.233375873199996
1237673708256756243,0.40818,135.81642150000002,-0.908294,11.944996252903366
1237679340029739176,0.23601,29.931463,-6.9849830000000015,11.394774737709668
1237659326026678620,0.3344,241.67218,44.12272700000001,11.45190678711515
50656702,0.08476,35.689229,-3.862931,11.092484508699274
1237678889598386340,0.24959,34.324223,-2.170144,11.421275855449496
1237678889599172718,0.25765,36.07553400000001,-2.030133,11.935884649283247
1237663544220647632,0.25278,332.02249,0.8360780000000001,11.170671122876227
63376205,0.05594,217.5686646,-1.756989,10.5237158732
106702387,0.16268,335.0861,0.603457,11.256225873199996
1237651752954692084,0.37661,221.3493042,1.227739,11.54554311162792
117960661,0.05236,216.81949,0.993084,9.128270873199998
131387087,0.08900000000000001,140.07789609999998,2.183651,11.402205873199996
88992737,0.13683,219.4396667,-0.386992,11.456095873199999
63376213,0.05618,217.5787964,-1.787699,10.871295873199998
117319177,0.28449,130.4660339,0.92464,11.804665873199998
95132831,0.10296,214.02499390000003,-0.15381199999999998,10.962345873199999
44732658,0.35451,33.495106,-5.186262,11.583628832289829
1237658297915015676,0.34509,139.36056000000002,4.151257,11.607431037497008
98983665,0.0949,136.83578490000002,0.108393,10.5236158732
113351116,0.20462,134.0185,0.772796,10.7844171962206
1237651735776395463,0.07027,224.37332,1.352193,10.89939367887564
1237678597544083878,0.20562,338.2913200000001,2.581579,11.377390125882812
74622502,0.36076,182.2537384,-1.00132,-9998.840814126801
1237663479797711222,0.25906,338.02274,0.623145,11.374143441251366
1237663543147300041,0.33064,333.06348,-0.167666,11.532255212921882
1237654602632528260,0.33412,139.42479,4.392856,11.744717214722185
67307240,0.13774,214.3160248,-1.28295,11.123325873199999
1237674459878589087,0.34338,140.69176000000002,2.358031,11.520420484404895
1237663478723772715,0.08154,337.50888,-0.287289,11.501568754611073
88306779,0.14855,335.4881,-0.282978,10.222575873199998
62308231,0.24203,177.06884,-1.881569,10.728169819689354
1237655463248199921,0.13089,242.60939,44.15179000000001,11.683925188757712
125886712,0.17015,137.88168330000002,1.486478,11.322145873199997
1237660024495014495,0.41388,340.0727,-1.213653,11.659176922810733
1237659329239253780,0.29757,241.4422,42.745099,11.29772253036208
117334949,0.08664,131.8628387,0.8569680000000001,11.129755873199999
1237648722284052915,0.32107,133.3066406,0.759003,11.509225179848725
1237680001450311976,0.24926,31.159246000000003,-2.0083990000000003,11.693494043283865
102745541,0.12665,333.55551,0.371503,10.868775873199999
65734134,0.05474,214.6585846,-1.499108,9.694046873199998
1237663480334058170,0.29206,336.8725100000001,0.8694350000000001,11.320984015663269
69768484,0.28483,178.15858459999995,-1.224292,11.502105873199996
50511968,0.17797000000000002,34.886388000000004,-3.715443,10.77040982304607
1237679439890219153,0.36834,39.393103,-5.570995,11.723327484738547
52468948,0.29207,30.809554,-3.5104370000000005,11.563703927677127
1237679254671655151,0.20437,34.924116999999995,-4.009302,11.53796368953772
1237678597009048140,0.42132,342.39491,2.1217200000000003,11.874235602052071
63827217,0.13388,219.6999207,-1.810591,10.978595873199996
95127766,0.16114,213.0097961,-0.025108,11.077255873199999
99714214,0.05393,213.8680115,0.227319,10.631465873199998
1237678596470800628,0.20878,339.2829700000001,1.736072,11.722201360331384
1237678881034469609,0.17931,31.642806,-1.890338,11.879759451898279
123618725,0.11893,134.7862701,1.27721,10.8415958732
1237650794605641940,0.16343,137.51915,-1.200432,11.309450290282257
1237678596467065079,0.06318,330.74789,1.491217,10.909055638636346
108346475,0.20497,139.0049438,0.521628,11.358415873199997
1237678890136961124,0.14472000000000002,38.162794,-1.661032,11.288925446249776
105269483,0.12267,136.0319366,0.525569,11.681365873199999
1237678597541790184,0.30003,332.9562200000001,2.411675,11.348896040231919
78258713,0.11881,213.2263641,-0.758288,10.976705873199997
98629856,0.09529,179.210083,0.163649,10.931495873199998
1237679341103284399,0.12174,29.48785100000001,-6.179973,11.491171598740035
1237678879963152498,0.05355,37.149461,-2.671406,10.945940748526482
126177862,0.38826,180.7782593,1.469722,-9998.840814126801
136370400,0.15413,138.2897034,2.724242,11.471785873199996
82226204,0.18177,214.1517944,-0.499998,11.219165873199996
96010555,0.11638,213.9265442,0.183338,10.869495873199996
1237674604291096712,0.10484,215.510437,-0.954696,11.076218252186663
93388462,0.0877,333.27176000000014,-0.010037,10.010123873199998
1237653621763211866,0.2957,128.76685,1.131583,11.41249274823349
124757320,0.13394,217.8618011,1.33057,10.560845873199998
113863581,0.26504,213.6912842,0.724061,11.634645873199997
48133155,0.0695,35.40055200000001,-4.420076,8.078440035177664
1237678888525365382,0.1029,36.008482,-2.881292,9.67413386660337
1237653665249624679,0.2912,128.84098,1.639522,11.437001923390198
117996059,0.23779,333.57401,1.045038,11.155565873199999
47628323,0.27071,32.994941,-4.6239940000000015,11.647433489968536
66691941,0.08229,180.9373322,-1.380409,11.271105873199996
126228404,0.1291,182.1602325,1.458928,11.317092982295435
1237679440422699151,0.12859,29.387631,-5.8121,11.69422614182986
79171668,0.07991000000000001,220.337677,-0.759549,10.913615873199998
126059293,0.13779,219.4779816,1.611519,11.178055873199996
1237655693014204799,0.26139,222.638092,-1.35527,11.032699843010054
1237674460415131955,0.14261,139.9428253,2.230688,11.253628126578405
63815032,0.08294,177.47677,-1.639403,10.6508258732
75998051,0.05456,215.8444519,-0.931979,9.965363873199998
1237648721213719243,0.32567,141.18202,-0.018637,11.763189198798498
1237678881036501111,0.1731,36.30791,-1.860566,11.35663578036474
84023541,0.11147,334.1272600000001,-0.574393,10.638415873199998
86169307,0.08225,219.10011,-0.585603,8.226695233784994
1237671141480989014,0.36497,175.9894714,0.052814,11.594287442509088
1237678595935371435,0.06917000000000001,342.65704,1.342533,8.209959003310814
62236976,0.07741,178.74941,-2.0371490000000003,10.883715873199996
1237678881572716917,0.35161,34.771337,-1.464291,11.85656650387682
1237651250442928561,0.32922,247.98065,43.227365,11.470350121671801
63173677,0.10345,216.1449432,-1.7378619999999998,10.5872958732
79916110,0.11413,334.64121,-0.6879970000000001,10.949465873199998
124446594,0.13846,180.1635437,1.277049,11.057855873199998
1237648704052003092,0.28811,210.36778,-0.408453,11.49143862092751
132152437,0.09544,133.0504761,2.2593810000000003,10.781735873199999
1237651752937783485,0.29472,182.7619629,1.86369,11.622789066052064
1237678618481460021,0.40395,336.9310700000001,1.821661,11.615603747442947
1237678618481852761,0.30243000000000003,337.80014,1.872684,11.44338832158246
1237678879424184476,0.16516,32.433888,-3.069283,11.761408762540665
63780069,0.22257,178.29347230000005,-1.755609,11.642019547696693
62163213,0.05449,219.05059,-2.018217,9.812246527377283
126495553,0.15068,217.3383026,1.6876380000000002,11.129635873199996
112455998,0.1326,179.7819824,0.742919,11.105875873199999
69294076,0.07213,219.243576,-1.058518,10.373625873199998
86139887,0.25313,216.6952667,-0.509301,11.521745873199999
1237678890135912536,0.20787,35.845025,-1.687068,11.549803463043645
1237678889598320800,0.06162,34.190119,-2.000735,10.829969388563766
1237648705668907793,0.40761,224.70672,0.936846,11.731962631107304
124836238,0.131,131.52624509999998,1.361081,11.0412058732
137292586,0.30617,134.8479767,2.87413,11.783115873199996
86098765,0.08366,214.3890686,-0.485077,10.940406522960984
1237648721786634853,0.43003,223.44439,0.334816,11.646203298238106
89845278,0.12098,134.95051569999998,-0.362949,11.316705873199997
1237648702981210427,0.25972,217.0180511,-1.060126,11.542046022310386
66824617,0.12269,219.6150055,-1.292652,10.410695873199998
1237679255746707571,0.14105,37.774889,-2.98536,11.42838417243911
135431385,0.05489,137.8744812,2.694869,10.5020858732
1237663479799087430,0.23487,341.182,0.459365,11.432706781139133
1237678879961055328,0.2079,32.425823,-2.750701,11.773331948032133
88414945,0.05143,214.7141266,-0.280202,9.934850873199998
127081890,0.05401,213.8139496,1.7313580000000002,10.726625873199998
46907921,0.29142,33.799776,-4.6745,11.605348569602938
105215330,0.14420999999999998,213.4907227,0.458591,11.064465873199996
134479333,0.3712,138.26421000000002,2.612876,11.563160091987813
75338336,0.05682,334.90006,-1.001235,10.3769858732
49278559,0.15839,32.697102,-4.188598000000002,11.469495915109293
126202454,0.06652999999999999,181.3997192,1.506649,10.109301873199998
1237655176008630716,0.42591,136.77173,-2.388158,11.688682761217933
1237663478723117436,0.31668,336.07731,-0.413978,11.463472828036174
49836358,0.15052,35.66077100000001,-3.941557,11.252105947525706
132443572,0.12511,134.1080475,2.219602,11.230935873199996
104578914,0.09202,217.485611,0.298032,10.483995873199998
1237678890133226168,0.43929,29.686755,-1.786611,11.58195223812072
104223818,0.07855,129.7115326,0.348236,10.919471640125263
63376177,0.05554,217.5305481,-1.838477,9.678245873199998
69754833,0.13116,179.67073059999996,-1.06674,11.844605873199999
126723575,0.168472856283,215.901737336,1.67619044338,11.2827070335
86846802,0.14645999999999998,213.7745056,-0.428021,11.124965873199999
124871956,0.34796,178.17749019999997,1.411699,11.436131542141087
36373501,0.08672,30.536081,-6.821022,11.197297659906326
1237655494373081507,0.29178000000000004,212.8722,-2.502062,11.442424905530062
123466651,0.10463,134.27183530000002,1.262048,11.128365873199996
1237663542613836453,0.43852,340.79215,-0.558381,11.722760455159008
1237648702983963091,0.29682,223.4281616,-1.155953,11.557028970215473
137099854,0.08777,134.3735657,2.900161,10.861435873199998
37890758,0.15396,35.617274,-6.571396000000001,11.339728668055615
1237661388150341869,0.2071800000000001,239.14581,43.625852,11.29011712812644
131862577,0.13982999999999998,137.4356995,2.286751,11.280305873199996
46109535,0.2431,31.781216,-4.926928,11.286482879862888
75344598,0.07733999999999999,334.1681200000001,-0.96763,10.6493258732
1237678597544673575,0.27901,339.49994,2.522293,11.514229261665607
50126085,0.20822,37.250001,-3.989514,11.28736603667494
1237651753491431812,0.29758,221.1242981,1.623112,11.69459356435982
1237654605851918938,0.37809,135.56151,3.543307,11.705822811636608
1237678620092137864,0.22524,337.02319,3.116755,11.561216688132848
1237655347821347074,0.05936,245.45486,42.779798,10.722698503057472
78538948,0.17545,216.1106567,-0.684689,11.415015873199996
118049572,0.12319,137.3396606,0.921118,10.530995873199998
1237679340567986318,0.22761,33.099596000000005,-6.402952,11.33513008823502
1237658423544512794,0.27799,138.67852,5.1775410000000015,11.472761370707305
54284286,0.06851,35.573939,-3.013994,10.839176618756028
1237679340570869819,0.08035,39.63131,-5.934001,11.072214254294524
53126256,0.19208,37.311978,-3.379452,11.533722461696017
48085525,0.14076,33.626232,-4.465244,11.38737344526453
102763153,0.09731,334.93671,0.305808,10.989145873199996
1237665356160303604,0.28332,244.69883,43.10896500000001,11.487763480123249
46462705,0.32726,36.246794,-4.79289,11.11634713721287
1237679439348891965,0.23209,29.223705,-6.667352,11.706223516608588
82226500,0.18403,214.0096893,-0.50184,11.545065873199999
107980751,0.35773,181.5061035,0.583531,-9998.840814126801
70912185,0.25716,218.83992,-1.027409,11.555145873199999
1237659161736839883,0.38429,238.23162,42.107448,11.685746737828596
98612453,0.09386,181.1113434,0.025912,10.3927558732
1237678879963938936,0.18871,39.027675,-2.5116110000000003,11.508294067229144
72479400,0.0808,213.8195038,-0.99219,10.6594158732
130047903,0.11236,131.2319336,1.981318,11.126625873199997
44724681,0.13929,32.291039000000005,-5.158931,11.512355439481325
1237678888524186419,0.35488000000000003,33.362751,-2.9229830000000003,11.826629627626971
74536792,0.08362,181.4705811,-0.91079,10.2381858732
1237678880499695758,0.36025,36.411534,-2.237376,11.90043829860224
64856814,0.0563,217.096283,-1.53664,10.397945873199998
53092510,0.16737,32.404528000000006,-3.258405,11.353470119531266
122895954,0.10203,216.7508545,1.1981540000000002,10.815615873199999
94625831,0.12772999999999998,133.019455,-0.197132,11.056175873199999
88353404,0.12851,213.4873657,-0.308052,10.593125873199998
1237678880500220095,0.21196,37.590761,-2.288951,11.528211734083015
126615957,0.06467,216.61479190000003,1.611601,10.378135873199998
133157185,0.14885,130.5132751,2.47402,11.2891858732
49733481,0.13994,35.067785,-4.078043,11.156336891988756
65297094,0.15008,178.8630676,-1.603049,11.353155873199999
128474974,0.21035,138.38061519999997,1.766318,11.1745558732
122058527,0.19957,134.0791168,1.218542,11.428645873199999
67320934,0.12105,214.462204,-1.250252,10.680215873199998
1237648720712237334,0.31032,221.91213990000003,-0.44631,11.47669395583216
1237659329238925502,0.13101,240.72494,43.324828,11.240704252704745
132398565,0.10391,134.0443268,2.344208,11.0197158732
90600580,0.22537,135.8230591,-0.249588,11.568485531257465
132443573,0.124,134.1046906,2.241371,11.351865873199998
41596708,0.23642,30.583759000000004,-5.871497,11.55238591961097
1237659329775665434,0.22726,240.77896,43.677523,11.356100489792881
1237648721768218857,0.26632,181.4476471,0.266795,11.585790949087825
117305510,0.08462,129.0418396,0.933485,10.957250892883167
1237674648853283479,0.35074,176.20078999999996,-1.12644,11.390496685693504
1237648720170582559,0.44719,210.98597,-1.003422,11.583109435989172
1237656909032128671,0.16881,343.25477,1.052747,11.254965373693269
1237679439889432810,0.19196,37.633666,-5.726942,11.466351006703913
128280933,0.18199,137.4572,1.812728,10.68920826088288
64702860,0.12767,215.9758148,-1.605448,11.190335873199999
43828934,0.28597,37.714579,-5.452298000000001,11.571922499570064
128373283,0.05,131.8145599,1.895561,10.643115873200001
126311691,0.13788,218.53761290000003,1.616939,11.8984658732
107991420,0.11006,180.1827545,0.621001,10.8614458732
89454231,0.12957,181.796524,-0.232528,11.099845873199998
1237659326027595977,0.18512,243.5329,42.430442,11.515342873579355
1237678617941836586,0.43797,330.54491,1.28052,11.666170807220626
127974638,0.07727,182.24054,1.798462,8.845390100614168
126546798,0.07089,138.0110626,1.649132,10.884835873199997
1237678881036501099,0.07157999999999999,36.306869,-1.91082,10.89256460411707
62181909,0.10788,180.08216000000004,-2.018789,9.613435873199998
133772914,0.21087,140.1654968,2.51969,11.407853275872185
118292138,0.26345,213.6156769,1.056671,11.766635873199997
107037645,0.05544,216.4861755,0.612931,11.281135873199997
104135037,0.13027,131.6343231,0.307458,11.713145873199997
113936525,0.1156,219.9528503,0.788011,10.850385873199999
69770936,0.16955,177.6966553,-1.103611,11.494215873199996
126441874,0.13793,217.842926,1.611469,11.475055873199999
117092877,0.15937,181.7736359,0.912378,11.1725358732
118123506,0.16987,215.3085632,0.964908,11.380245873199996
93391576,0.18397,333.64639,-0.13216,10.945465873199996
128931013,0.26174000000000003,133.8496246,1.83145,11.7163658732
94708206,0.19071,130.9837952,-0.08301900000000001,11.492415873199999
124497804,0.11273,181.4547729,1.39183,11.043585873199996
48184017,0.23757,35.74159500000001,-4.311376,11.545663658820558
78646223,0.21816,217.2937,-0.667326,11.608835873199999
1237678597544476811,0.13571,339.05251,2.48201,11.433700151043013
117098755,0.07851,180.7719269,1.0035,11.029785873199996
1237663479797776691,0.25863,338.2481,0.571141,11.352342774393033
90554671,0.25992,214.3760071,-0.288644,11.176561479747761
103873134,0.05379,138.1889496,0.34023200000000003,10.0277818732
64917374,0.07681,217.6144714,-1.577402,10.434505873200001
66706939,0.099,180.5437317,-1.385052,10.882485873199997
1237678889598648484,0.26686,34.999503000000004,-2.155212,11.502555410494097
1237655499740872849,0.21616,209.79472,-1.478332,11.441743770075846
65261008,0.12137,219.2237396,-1.528356,11.212124530575236
97643794,0.20997,215.75742,0.011053,10.683209264127072
95132039,0.35271,213.89686580000003,-0.07251200000000001,-9998.840814126801
1237650796749324853,0.31619,128.87239,0.505987,11.399178219842725
1237659161199248091,0.23623,236.25717000000003,42.938234,11.043313446338287
1237678889062563925,0.17914000000000002,36.703,-2.5064900000000003,11.332921585868466
53598632,0.17740999999999998,30.144092,-3.199385,11.646946723456495
103266347,0.09182,181.786911,0.40646,10.940035873199998
127454984,0.32889,134.95704650000002,1.623911,11.554690965043848
113907886,0.12607000000000002,217.1174469,0.8418110000000001,11.150805873199998
1237659324953657706,0.32751,242.34347,42.253716,11.420064890233336
42718193,0.19295,37.522849,-5.683184,11.441508180214438
1237655498670997510,0.29267,218.60038,-2.253853,11.563062433502635
104533262,0.0533,214.7390442,0.365619,10.737505873199996
1237678596467786260,0.24731,332.37581,1.5562200000000002,11.607483831598074
1237678595935568130,0.1683,343.02289,1.469343,11.357826603518332
69738885,0.08237,181.6672211,-1.123358,11.069775873199998
40168220,0.25903000000000004,36.155739,-6.177059,11.440106237438158
88313502,0.13130999999999998,334.8172,-0.2989,10.6423758732
124896686,0.16587000000000002,138.42115780000003,1.354211,10.872155873199999
64512826,0.11999,214.6324463,-1.6841810000000002,10.865735873199997
1237663542612918585,0.246,338.71972,-0.500779,11.506340287160127
1237648721208541517,0.16627999999999998,129.2718658,-0.078301,11.333832207819796
97351152,0.11093,335.5039700000001,0.045244,9.791805873199998
78871547,0.22116,218.0690918,-0.67143,11.521970433765093
61537008,0.10181,215.2253571,-1.967018,10.901355873199996
1237663542611804483,0.165,336.16136,-0.624744,11.207960006548092
63704845,0.16672,180.0384521,-1.805169,11.418295873199996
63188256,0.05467,214.4632874,-1.7470689999999998,10.019703873200001
1237679323936915722,0.36252,39.114246,-3.63615,12.118996912817238
1237678617947013203,0.14744000000000002,342.3532600000001,1.539276,11.340968917880671
39206835,0.1398,33.087588000000004,-6.32453,11.09665859953384
104581004,0.05489,217.6793518,0.252848,10.880795873199999
1237678879963480730,0.36534,38.031238,-2.571532,11.704617950075773
1237655128765038765,0.17637,246.52953,44.573627,11.612401312202563
1237678888522743868,0.17584,29.980892,-3.028096,11.368134373944486
61886715,0.07374,213.16387000000003,-2.041958,11.317785873199997
89464768,0.16139,180.8097229,-0.213911,11.302215873199996
91629818,0.0537,213.60138,-0.191071,10.767538968764713
126749612,0.11044,215.7223053,1.7320919999999995,10.917625873199999
69759014,0.08585,179.144104,-1.075364,9.7325298732
126901257,0.0764,214.8597107,1.659961,11.029765873199999
113868370,0.0529,214.4834595,0.676651,9.998113873199998
117324457,0.07702,130.7789307,0.962788,10.805025873199996
64725091,0.09277,216.0686798,-1.627199,10.981835873199996
1237648704589463830,0.24209,211.6899261,0.068053,11.560165333503392
50440270,0.13959000000000002,33.470345,-3.870268,10.161613882861277
1237663479799677436,0.28471,342.49072,0.436892,10.9495658732
1237650794605773599,0.38838,137.91865,-1.139663,11.535554386486185
1237648721248977205,0.10165,221.69157,-0.098666,11.586372599704196
67291907,0.29973,214.1663666,-1.262564,11.777583754330408
137335416,0.19855,139.6944427,2.840998,11.343155873199999
1237659326563352817,0.06035,241.6715,44.69354000000001,8.128559101348857
89462157,0.13047,180.9204559,-0.325928,11.333735873199997
88535621,0.13009,215.7108307,-0.393468,11.2638958732
1237678888522743941,0.25626,29.975458000000003,-2.973018,11.465546544932295
74522792,0.08234,181.2010651,-0.962912,10.933735873199996
115189343,0.28342,178.29954530000003,0.8418709999999999,11.339865873199999
93391110,0.18329,333.55695,-0.10594,11.005365873199999
1237678889061318865,0.08317999999999999,33.956705,-2.440866,11.091808866272912
122038492,0.07174,134.75688169999998,1.256218,10.4884258732
1237678596470145173,0.20755,337.7329299999999,1.649153,11.69912439683685
128108248,0.38254,130.70984,1.864118,11.476079928106627
79004172,0.21653000000000008,218.94017030000003,-0.827217,11.468429606524296
89862178,0.19491,136.2431335,-0.27693,11.4308458732
89478610,0.10914,179.06985469999995,-0.372509,10.901465873199998
1237678596472177223,0.38085,342.42835,1.844335,11.515524762507994
1237678597544476881,0.18596,339.10788,2.595053,11.461880384362304
107070255,0.3819,216.9648743,0.484978,-9998.840814126801
127420412,0.32962,136.9968109,1.747351,11.687395873199996
1237671142017728796,0.3037,175.4860077,-0.043443,11.5803610910516
1237648722819744491,0.34809,130.66538,1.233846,11.595539242523953
113904017,0.12565,216.8713531,0.8327979999999999,11.342615873199996
117352425,0.32166,133.6996918,1.031149,11.788846102514071
123147613,0.2524,137.8055878,1.232458,11.520405873199996
126162070,0.17115999999999998,180.405014,1.484497,11.338205268330054
84459661,0.08296,179.85926819999997,-0.432088,10.638885873199998
66706443,0.17891,180.4123077,-1.291931,11.330175873199996
70147594,0.18272,332.92477,-1.050422,10.697855873199998
1237678597005115659,0.17979,333.46573,2.070009,11.307298141415234
1237680001450246262,0.1767,31.15595200000001,-2.222841,11.521534043218708
67475901,0.08452,216.3190613,-1.131261,10.3248158732
1237654599949222193,0.2409,141.90646,2.521748,11.485990452798431
1237651709968908641,0.16527,210.23178,-0.585276,11.516638984787278
1237650796750898123,0.39702,132.53353,0.525472,10.740591035297255
1237663544224645693,0.4401600000000001,341.1964200000001,0.754545,11.584404875058679
1237679253062090821,0.05567,37.239077,-5.081192,10.586649234690412
88567772,0.0789,216.233963,-0.37605,10.4800358732
1237663543685415284,0.29194000000000003,335.8246200000001,0.365997,11.344367738347499
85407635,0.17228,136.72554019999998,-0.500499,11.087385873199999
1237648721781653903,0.31367,212.1607361,0.240095,11.602010029339
95190664,0.12246,218.9475861,-0.062198,10.920985873199998
97514268,0.29972,214.6303406,0.072575,11.47983215021668
1237678888523202691,0.23711,31.026225,-2.905376,11.490259145779419
1237663544224186682,0.21306,340.11538,0.7967569999999999,11.364087233087044
130683481,0.26172,140.0883789,2.089277,11.331266353474348
65734129,0.10249,214.6600037,-1.475702,11.237865873199999
1237680001450246598,0.39783,31.17638,-2.210391,11.112643920932896
1237655693014794699,0.29048,223.95229,-1.376197,11.474051683442669
1237679255206232144,0.09978,29.523415000000004,-3.892929,11.238422739901583
103078313,0.27045,179.4680939,0.334513,11.571237364260016
126242584,0.1318,182.4166565,1.556569,11.170915873199997
1237650797286261131,0.1592,129.0066833,0.953748,11.577524434425865
1237674603754226040,0.15922999999999998,215.3139,-1.33258,10.47114558055182
1237648705125810624,0.35981,210.52348,0.530429,11.470685212349052
1237648721230889356,0.31543000000000004,180.3493652,-0.032454000000000004,11.538358577206964
131387337,0.30889,140.1726837,2.161779,11.805735873199996
1237678888525627659,0.28112,36.637508,-2.899607,11.946764092368536
86101855,0.13862,214.9896851,-0.480308,11.267345873199996
1237678597542379755,0.16275,334.2931200000001,2.5015810000000003,11.372952064542911
46273066,0.3176,35.126914,-4.867442,10.799408889914048
137694421,0.19965,135.5370789,2.976672,11.556385873199996
103924742,0.10098,136.8273926,0.25166,9.8163228732
1237678881033814192,0.20136,30.173269,-1.937599,11.388820621941704
1237661386539270432,0.31941,236.95104,43.352933,11.494338329299351
129270057,0.10757,133.0206604,1.96383,11.380005873199996
118094679,0.211,334.55431,0.911244,11.445888564761846
1237679339494441174,0.22521,33.626868,-7.121064,11.572895727411378
1237669772449939652,0.23632,31.540869,-2.783675,11.232797611155544
98112855,0.21069,219.43814,0.078787,10.8526258732
72479483,0.13932999999999998,213.9186707,-0.8626389999999999,11.321455873199996
53326420,0.24231,32.757432,-3.190966,11.865829743590439
127108631,0.05289,213.6131744,1.732819,10.0381658732
100843493,0.12377,213.6753693,0.1864,11.409525873199996
118230546,0.0881,139.84025569999997,1.074991,10.7034258732
66261944,0.09979,216.56604,-1.3000120000000002,11.0252958732
97368175,0.13939,334.0739700000001,0.165033,11.3598958732
125480823,0.08477,213.0797424,1.509408,10.771675873199998
1237651753490055502,0.27712,217.9813385,1.80348,11.466127002553547
88309977,0.1456,335.1192200000001,-0.376435,10.964465873199996
1237648704052265353,0.39425,210.96353,-0.2312,11.703309936739972
1237678879960072638,0.32988,30.15775,-2.794722,11.42376095871441
93680359,0.17006,179.19845580000003,-0.062178,10.901065873199999
1237678889599763058,0.34139,37.499931,-2.058655,11.721136272477453
69294116,0.29363,219.24907,-1.066031,11.591658113175075
1237651250442273095,0.13521,246.82865,44.51276,11.273413126647938
82229190,0.13796,214.714447,-0.564429,11.015185873199997
1237678596470210793,0.19325,337.97279,1.678337,11.650053789198866
88326576,0.11097,333.83478,-0.368377,11.0173658732
126228398,0.12986,182.155365,1.469411,10.897695873199996
95186083,0.13692,218.2957153,-0.13549,11.186365873199996
69175415,0.0813,218.4056396,-1.085811,10.762005873199996
1237663479798890864,0.36812,340.73415,0.52698,11.521010069394832
1237678881036959899,0.32609,37.308786,-1.898633,11.89023819589056
80067647,0.31374,136.1618195,-0.663331,11.573966918920634
1237648720157344365,0.37732,180.83443,-0.928009,11.571518742770422
1237678597005574387,0.20391,334.45394,1.956771,11.555641304177694
93768669,0.2,180.11445619999995,-0.08330900000000001,11.301005873199998
116579212,0.10897,218.7753296,0.959632,11.017585873199996
104602792,0.10369,220.1913452,0.29182800000000003,10.920825873199997
89888639,0.22063,138.5644073,-0.272379,11.464705873199996
113943780,0.13755,220.8395996,0.643319,11.354705873199999
1237651250442666469,0.26069000000000003,247.70075,43.815538,11.4603071672027
1237674461490053752,0.37174,141.7392,4.264291,11.463992249104194
1237678596471849034,0.15861,341.7307600000001,1.750009,11.18644984539424
1237679322858913948,0.30706999999999995,29.394191,-4.85032,11.637473545211833
84283335,0.13851,177.57801819999997,-0.608689,11.5265158732
38654293,0.18854,31.257711,-6.372758,11.391753123141825
1237663479262216487,0.19681,341.17234,0.196901,11.418833533389261
1237678619015381215,0.19697,330.08499,2.114138,11.768624503863974
52108138,0.27326,38.312164,-3.366968,11.457020185713189
121425388,0.07797,180.9157562,1.20457,11.220125873199999
98998827,0.0539,138.30621340000002,0.149228,9.550917873199998
86166869,0.29062,218.87205,-0.537401,11.662737664810267
63882215,0.09209,215.8463135,-1.723111,11.218435873199999
1237679322322109096,0.40255,29.69397,-5.362357,11.870826873098853
79922969,0.14781,335.39557,-0.813649,11.424995873199999
1237679439885566203,0.11886,28.853185,-6.252981,11.259360101146743
127034849,0.05592,214.14244080000003,1.628161,10.4906858732
1237653665249296754,0.17861,128.17889,1.622127,11.438748484360984
118067582,0.15141,215.872467,1.035448,11.0117358732
1237678619557167421,0.27657,341.3344600000001,2.733419,11.57747560518328
112455704,0.2021,179.68573,0.8262809999999999,11.613035873199998
127108485,0.053070000000000006,213.6359863,1.731569,11.420045873199998
128823370,0.18063,214.0785828,1.792979,11.391235873199998
1237678619015577815,0.13412000000000002,330.54394,2.123062,11.446784843807109
1237678618481131852,0.16915999999999998,336.17924,1.770361,11.394131107255815
93783483,0.16533,180.2937012,-0.033479,11.220715873199996
97366742,0.13827,213.1090546,0.20797,11.072975873199999
125148624,0.08454,215.048584,1.503292,10.492485873199998
1237678889596485784,0.24976,30.006808000000003,-2.1462790000000003,11.43491935619386
122068601,0.05859,133.61747739999998,1.202038,10.712725873199998
1237678890135191789,0.30065,34.174987,-1.762479,11.352502384979744
97486637,0.13405,214.2514648,0.142431,10.971345873199999
1237678597541527915,0.28606,332.3098700000001,2.3715,11.463242415047715
1237653665250346127,0.42128,130.6097565,1.7281220000000002,11.823017351474846
1237650797286916217,0.0963,130.53596000000002,0.923694,10.44276272674324
41339657,0.23065,36.443647,-5.862521,11.446078684559323
1237678597545197945,0.05981,340.84195,2.654126,10.968328285845928
94580631,0.26466,134.6965332,-0.097742,11.565565873199999
52793291,0.14115999999999998,33.672853,-3.4026970000000003,11.377642805164216
79004492,0.25509,218.812973,-0.730329,11.612455326976487
104601731,0.25589,220.0085297,0.29176,11.6761058732
1237678596469621390,0.34806,336.5965,1.6506759999999998,11.370417642523535
123124119,0.29607,335.01928,1.18644,11.691080162709111
1237659324953198849,0.19861,241.39466,43.094033,11.346253767842429
130304036,0.20483,136.29179380000002,2.153788,11.590355873199996
97681492,0.13098,216.21708680000003,0.13909100000000002,11.019585873199999
127108584,0.054179999999999985,213.591156,1.740861,10.932135873199996
93776534,0.16569,180.1873169,-0.15673099999999998,11.872345873199999
125166142,0.24579,335.03414,1.3347719999999998,11.265147861791775
43232727,0.1664,34.945848,-5.5836760000000005,11.360127065170673
1237674604289196040,0.16763,211.9251099,1.50405,11.548785678518472
93409317,0.28944000000000003,335.58879,-0.15955,10.688605873199998
1237665355086823629,0.20464,245.87872,43.691682,11.288198840731635
1237678598081610036,0.14892,339.76951,3.092334,11.388215444516392
106730660,0.05799,333.08524,0.5605289999999999,10.123587873199998
1237661386002399383,0.0539,236.48482,43.047834,10.784825206123061
89905524,0.15281,140.3153687,-0.269425,11.321725873199997
125235267,0.26429,133.142395,1.434332,11.706325873199999
113357800,0.10545999999999996,133.6071472,0.74438,11.458085873199996
88320998,0.13813,213.208725,-0.29582,11.723795873199997
1237678598080299330,0.22262,336.77555,2.93844,11.483771879880805
1237679440426303633,0.12766,37.695709,-5.473272,11.018885435129054
121554404,0.07774,182.4203339,1.172862,11.5408758732
65451335,0.1145,220.0659027,-1.508748,10.904135873199998
102764977,0.06107000000000001,335.13135,0.297337,9.676325873199998
91633500,0.12678,214.1941071,-0.215732,11.253895873199998
1237663543148937468,0.08906,336.76533,-0.206773,11.236092059116345
1237674651003584912,0.0996,182.57529,0.455118,11.033823167206721
86111147,0.19084,215.834137,-0.4176470000000001,11.374863638237002
1237651735775019581,0.32447,221.1938934,1.402476,11.57158893480664
86152144,0.0856,217.4217529,-0.530018,10.752105873199996
94506017,0.20218,136.5801849,-0.022049000000000003,11.493325873199996
46845394,0.18901,38.143518,-4.760926,11.587540783628356
36672745,0.30098,35.063764,-6.868264999999999,11.744781300047181
1237666407898480823,0.16228,343.85443,-0.195685,11.255216832301812
125271472,0.26218,133.24671940000002,1.368497,11.805005873199999
118123637,0.10317,215.2891541,1.081532,10.987415873199996
1237663479263068231,0.11241,343.05399,0.17924,10.777696061588356
1237663479799677213,0.35522,342.4914,0.561679,11.681556167910454
124403403,0.1793,179.26307680000005,1.269062,11.235985873199999
50355319,0.25202,34.109494,-3.929414,11.511551282892473
1237678617942753544,0.15295,332.63286,1.454484,11.347753435955385
1237679439353282762,0.23205,39.349577,-6.0590129999999975,11.545248305075805
1237678617407324376,0.0858,336.00003,1.0332940000000002,11.222843159688637
78305488,0.13697,213.8186951,-0.66128,11.344915873199996
1237674462027120944,0.25138,141.93534,4.896026,11.508384706510697
69742719,0.1776,181.1889648,-1.074042,11.5209358732
97826610,0.05536,217.5915527,0.121832,10.543735873200001
80116030,0.21485,139.96208190000002,-0.775899,11.441153269581266
124356531,0.2091,130.0297699,1.256031,11.589423061173875
1237661388150276486,0.34627,239.08239,43.72235300000001,11.28552037931513
1237650797287178743,0.29495,131.2043152,1.000614,11.853613860614132
88361666,0.18599,213.6514893,-0.406571,11.354385873199996
1237678889596289770,0.4413,29.622516,-2.263395,11.437586958752945
1237678597541921019,0.12064,333.31867,2.3511900000000003,11.23826251894934
117098374,0.07829,180.8235321,0.8991790000000001,10.697155873199998
1237678617946620291,0.17844000000000002,341.54149,1.575573,11.442132554380805
62258265,0.16565,178.19871519999995,-1.921102,11.594565873199999
78539192,0.13660999999999998,216.223999,-0.692959,11.1934658732
1237663479799283823,0.28218000000000004,341.63082,0.58321,11.9388421754702
94574911,0.17324,134.83622739999998,-0.08291,11.526605873199998
1237678888524513388,0.2295,34.037855,-2.832573,11.67552695950144
106724231,0.20726,333.47033,0.581739,11.541265873199999
86145598,0.07916000000000001,216.97916,-0.562515,10.927535873199997
124403522,0.13092,179.2779999,1.3151,10.928845873199997
1237678619016561132,0.25834,332.81067,2.183467,11.447849575706641
89892600,0.31802,139.0731506,-0.40155,11.812335873199999
1237678879959875726,0.17652,29.667484,-2.82556,11.511680985568091
1237678879422873833,0.37477,29.368796000000003,-3.233453,11.725869657180738
48269708,0.26396,36.151385,-4.384983,11.528110418235883
1237673700743381201,0.09573,39.359361,-6.567857000000001,11.111858112781194
41676115,0.35714,37.481565,-5.722105,11.80020691466052
64971129,0.09156,217.8560944,-1.47254,10.539395873199998
93597434,0.137281656265,177.005755196,-0.199680254015,11.047167294300001
61372363,0.29265,213.40699,-2.029796,11.884750094206538
72121009,0.15914,177.2065125,-0.994621,11.460705873199997
118286931,0.14039,140.2013702,1.044529,11.256375873199996
98884233,0.13566,129.1428833,0.188371,11.4176162173826
1237656567046340912,0.22902,330.86994,-1.1783860000000002,11.499723937944507
98630517,0.07732,179.01824950000002,0.199301,10.991215873199996
117342202,0.10608,132.605072,1.003938,11.274145873199997
1237648720671998530,0.26929000000000003,130.0110168,-0.458562,11.784517901731306
123877606,0.05006,219.9473114,1.313192,9.986373873199998
89462402,0.09395,180.9739227,-0.28145,10.526825873199998
1237663479798956385,0.23534,340.9091,0.500644,11.211499516270122
1237671140407312737,0.34474,176.83091000000005,-0.278461,11.47608938877238
1237678597004919530,0.33195,332.98894,1.948876,11.452482029199018
1237678619019378950,0.2288800000000001,339.28779,2.257178,11.508846753218675
97514677,0.05314,214.6477509,0.157709,10.663155873200001
40000992,0.13881,32.313111,-6.149362,10.459888614343072
125261101,0.19008,214.5155792,1.535332,11.318705873199999
93387298,0.08915,333.21735,-0.015998,11.281975873199999
107977459,0.15909,181.891983,0.482178,11.035135873199996
1237663478723051866,0.26315,335.91894,-0.284333,11.562640670919787
70167117,0.09984,335.28603,-1.097379,11.237015873199999
1237659120404136339,0.32186,236.67523,42.328141,11.442930569261081
1237678597008785634,0.14816,341.86057,2.225829,11.557871579832867
1237678597541396737,0.2277,332.06188,2.401194,11.737448596511967
98062046,0.33733,219.0677643,0.100698,-9998.840814126801
122938218,0.11986,333.620636,1.17842,9.726972873199998
93902094,0.12717,181.8911591,-0.067521,11.162615873199996
117090590,0.15905,182.1138763,0.951326,11.360795873199999
1237651735757717678,0.25267,181.7816772,1.917881,11.368421537234099
75351283,0.22189,333.54459,-0.935348,10.861085873199999
112136927,0.21492,335.46237,0.819024,10.171385873199998
1237648720711975248,0.33975,221.400238,-0.601887,11.648024628986606
113871208,0.17192000000000002,214.8867645,0.763547,11.289915411936818
74597002,0.11167,181.9792938,-1.00074,11.011395873199996
1237663543687840460,0.2936,341.3878200000001,0.223722,11.764270766521804
123078134,0.1173,215.6191101,1.295322,11.416235873199996
138629519,0.09332,137.069397,2.975192,10.826755873199996
1237679440423747750,0.1328,31.780938,-5.709779,11.235604682238774
124414061,0.2724,179.4399261,1.38696,11.810645873199999
1237674650466648289,0.3015,182.5236053,0.108532,11.425711992138533
1237659161735987472,0.23564,236.3709,43.510531,11.367166380368873
1237678619017019784,0.11748,333.86925,2.311227,11.012620643305128
1237669771913003172,0.37815,31.775271000000004,-2.934948,11.7696517490549
1237655693015384489,0.31658000000000003,225.36082,-1.41711,11.700617309194055
1237659330850390343,0.06229,243.79655,42.690461,9.006344712310238
89488814,0.16272,177.90777590000005,-0.243012,11.794225873199997
102769927,0.16385999999999998,335.55375,0.398006,11.251665873199999
1237678596470538553,0.05755,338.65874,1.666738,10.752884431640267
127639590,0.18427,220.01091,1.7168990000000002,11.188775873199999
1237678597005771370,0.35714,334.8904100000001,2.0540000000000003,11.437440471025186
89821852,0.13295,133.0946045,-0.26367,10.802595873199998
1237654601558720729,0.08135,139.29537,3.533546,8.379581939362652
102752447,0.10997,334.04987,0.383338,10.6770958732
1237678617945571390,0.06305,339.10726,1.609065,10.548118548991622
1237678595933929799,0.2301,339.30678,1.392376,11.436932036536744
88536174,0.13016,215.7312164,-0.286528,10.850285232183523
98608837,0.09234,181.7675476,0.18477,10.967295873199998
89479045,0.11216,179.0480804,-0.210268,11.543325873199999
117096272,0.14908,181.0881042,0.977698,11.1165158732
89832220,0.22397,134.0407715,-0.291011,11.395259367942344
1237655176545173800,0.40871,136.15458999999998,-2.050726,12.194148323935226
124387474,0.33953,178.8701782,1.388109,-9998.840814126801
1237679439349153937,0.15972,29.867415,-6.739560000000001,11.691042932186976
1237678618484080875,0.1839,342.91124,2.0588040000000003,11.472836140485015
86143447,0.07331,216.8834534,-0.607258,9.8936478732
1237650797287047317,0.28424,130.8770905,0.939946,11.495145499226055
1237658300061122824,0.20119,135.99629,5.379647,11.265442057978365
70892924,0.12507,214.1989746,-1.070569,11.350545873199996
52749730,0.28412,33.246832,-3.325456,11.639725794026162
1237648704593593407,0.39552,221.1352539,0.187394,11.522101656097224
1237679340569297066,0.31947,36.017047,-6.088838,11.765949271735735
70156507,0.263,333.85739,-1.258927,11.689895873199998
79918229,0.09767,334.8819,-0.7009770000000001,10.9154058732
1237648720137290133,0.39974,135.05061,-1.009064,11.557464466022791
66535653,0.16899,218.4831238,-1.32285,11.501465873199999
137812223,0.19355,129.73913570000002,2.856561,11.444435873199996
125148598,0.10297,215.0787964,1.517369,10.966635873199998
1237659162810974540,0.33555,239.95796,42.054051,11.627717157360165
63376223,0.05646,217.6016541,-1.766908,10.735675873199998
1237648721232396948,0.25134,183.8128815,-0.029579,11.401924772973867
1237678888525955453,0.37023,37.296906,-2.839409,11.54222821642179
1237669770301603985,0.18121,33.154371999999995,-4.717097,11.547455692023506
1237655349968765070,0.07799,247.01291,43.929356,10.98570908770489
65215906,0.08204,180.8058929,-1.518609,11.070385873199998
1237678889599762541,0.17422,37.504019,-1.965194,11.616600121662483
1237678888523464847,0.0834,31.688716,-3.05453,10.862158569972964
123024552,0.19851,134.9445038,1.136868,10.7626258732
45782869,0.29139,37.633348,-4.989596,11.531906710821204
1237678881546961552,0.31366,335.92155,-1.544274,11.774913099943658
1237678888522350814,0.2971,29.170978,-3.049666,11.572939978912473
93808626,0.12224000000000004,180.76847,-0.124293,11.264125873199998
124413715,0.07828,179.49491880000005,1.368892,11.342025873199999
98627457,0.22803,179.2619781,0.154719,11.499315873199999
53185947,0.0636,37.286251,-3.312967,10.735402040882036
62072753,0.05093,218.78609,-2.061794,9.615182873199998
1237663479259660723,0.24957,335.34198,0.12975699999999998,11.625587897200608
1237655499204526580,0.40713,210.9694,-1.913723,11.666445763781669
